	FDK10	J294	J296	J298	J301	J303	J307	J310	J311	J315	J316	J317	J318	J319	J320	J321g	J322	J324	J326	J327	J328	J329	J330	J331	J333	J333-plus	J333a	J334	J335	J338	J339	J340	J341	J342	J343	J344	J345	J345-plus	J346	J347	J348	J349	J350	J351	J351-plus	J352	J353	J354	J355	J355b	J357	J358	J359	J360	J361	J362-young	J363	J363-plus	J364	J365	J366	J366-plus	J367	J367i	J368	J369	J370	J371	J372	J373	J374	J375	J375-rep1	J376	J379	J381	J383	J385	J387	J389	J392	J393	J395	J397	J398	J399	J400	J401	J402	J403	J404	J405	J406	J407	J408	J411	J412	J413	J414	J416	J417	J418	J419	J420	J421	J422	J423	J424	J427	J427a	J431	J432	M1c	M2a	M2b	NAL05	NBJ30	NCD30	NCR13	NDU10	NE10467	NE25923	NE25953	NE35955	NE35959	NE36811	NE37169	NE37647	NE4583	NE67754	NE90535	RA1006	TLC715	TLC720	TLC725	TLC726	TLC775	VMA18	VMG14	VWG14
FDK10	0.0	0.0445339	0.0512024	0.0528831	0.0499325	0.0475845	0.0460045	0.0534035	0.0531484	0.0510854	0.0529376	0.051717	0.0537432	0.0514297	0.0457642	0.0536172	0.0532135	0.0534629	0.0480843	0.0529679	0.0463774	0.0544834	0.0523129	0.0525518	0.0537369	0.0543884	0.0512677	0.0493389	0.0495794	0.0545045	0.0463161	0.0508224	0.0464905	0.0518811	0.0536275	0.0518224	0.047752	0.0475432	0.0537721	0.0541531	0.0525678	0.0486184	0.0444181	0.0533155	0.0558259	0.0533033	0.0508946	0.0679929	0.051542	0.0458833	0.0519164	0.0503886	0.0524401	0.0534691	0.0467362	0.0506879	0.0482966	0.048913	0.0561748	0.0539444	0.0543358	0.0541176	0.05121	0.0490675	0.0501421	0.052718	0.0527261	0.0532788	0.0521684	0.0545405	0.0444541	0.0522653	0.0490261	0.0448585	0.0511008	0.0513332	0.0506086	0.0510644	0.0495538	0.0500715	0.0538281	0.0455596	0.0451975	0.267766	0.0511889	0.0509442	0.0442545	0.0541134	0.0506652	0.0537576	0.0530205	0.0540132	0.0469686	0.0569694	0.0512331	0.0544412	0.0471126	0.0446879	0.045558	0.052696	0.0545426	0.0532257	0.044253	0.0472726	0.0530834	0.0544201	0.0490892	0.048004	0.0531403	0.0531098	0.0543779	0.0534055	0.049417	0.0478612	0.0482772	0.0521368	0.0750495	0.0494662	0.0455014	0.0508452	0.1715	0.155262	0.314331	0.0486184	0.145207	0.149968	0.142009	0.33191	0.166241	0.130149	0.0574286	0.0458653	0.0513833	0.0525019	0.0533769	0.0516858	0.0509251	0.0442266	0.0520618	0.0584081
J294	0.0445339	0.0	0.0453483	0.0462581	0.0448569	0.0389565	0.0418265	0.0481912	0.0466742	0.0462234	0.047218	0.0464821	0.0470549	0.0451447	0.0380601	0.0480057	0.0471075	0.047447	0.0421476	0.0470244	0.0409511	0.0481999	0.0468354	0.0463094	0.0475209	0.0479395	0.0454352	0.0426369	0.0425558	0.0478804	0.0396808	0.0448236	0.040198	0.0460422	0.0473648	0.0471976	0.0392331	0.039705	0.0470397	0.0477641	0.0460012	0.0397184	0.0374778	0.0471024	0.0487092	0.046696	0.0457479	0.0625847	0.0460258	0.0408506	0.0455677	0.0447762	0.0464805	0.0470905	0.0386942	0.0447368	0.0423884	0.0428443	0.0497298	0.0470668	0.0475174	0.0475949	0.0455337	0.0442126	0.0453515	0.0476794	0.0476	0.0473614	0.0460948	0.047863	0.0386007	0.0459897	0.044647	0.0392887	0.0455402	0.0455936	0.045276	0.0450921	0.0447446	0.0454852	0.0473033	0.0398356	0.040228	0.273038	0.0458669	0.0452071	0.036715	0.0473819	0.0448949	0.0470414	0.0464422	0.0474608	0.0385089	0.0501942	0.0457186	0.0477676	0.0384379	0.0368369	0.0378092	0.0464322	0.0483265	0.0464855	0.0371328	0.0388492	0.0465488	0.0477589	0.0404475	0.0390984	0.046624	0.0468674	0.0477953	0.0471704	0.0436924	0.0436741	0.0439437	0.0523963	0.0784885	0.0486273	0.0419924	0.0495776	0.180463	0.164457	0.321901	0.0451384	0.152911	0.156081	0.148319	0.344601	0.173869	0.136709	0.0587288	0.0378534	0.045626	0.04695	0.0473358	0.0462152	0.0455175	0.0395402	0.0522851	0.0599818
J296	0.0512024	0.0453483	0.0	0.0419635	0.0418438	0.0439976	0.0454933	0.0479291	0.0452007	0.0458735	0.0457137	0.0454562	0.0380996	0.0368821	0.0432708	0.0468219	0.0455968	0.0451687	0.0444791	0.0456195	0.043729	0.0458228	0.0456893	0.0452568	0.0461739	0.0462284	0.0442142	0.0454497	0.0452295	0.0457609	0.0442716	0.0367893	0.04723	0.0417992	0.0455143	0.0466491	0.044064	0.0447936	0.0380894	0.0455062	0.0445464	0.044762	0.0433553	0.0450905	0.0463857	0.0425293	0.044841	0.0610198	0.0430366	0.0443838	0.0373993	0.037118	0.0431895	0.0451735	0.043534	0.0412477	0.0452231	0.0454481	0.0470922	0.0380296	0.0454578	0.0458686	0.0416815	0.0415672	0.0452311	0.0467698	0.0466675	0.0459979	0.0442126	0.0395964	0.0447147	0.0380207	0.0386215	0.0465922	0.0446061	0.0443619	0.0444963	0.0414802	0.0424955	0.0449711	0.0430038	0.0465071	0.0460471	0.282417	0.0430247	0.0418107	0.0429888	0.0425971	0.0441196	0.0450251	0.0447857	0.0427508	0.0433522	0.0480878	0.0442732	0.0458898	0.0438147	0.0429306	0.0432723	0.0423503	0.0461129	0.0422393	0.0432723	0.0435705	0.0423649	0.0432196	0.044841	0.0440825	0.0450697	0.0450937	0.0457462	0.0453178	0.0360009	0.0374167	0.0380907	0.0597428	0.0884448	0.0560839	0.0482017	0.0560066	0.188539	0.176668	0.330907	0.0451559	0.160092	0.166423	0.15784	0.345942	0.18918	0.145572	0.0656822	0.0437336	0.0443028	0.0452953	0.0448474	0.0442654	0.0444337	0.0428979	0.0599991	0.0687918
J298	0.0528831	0.0462581	0.0419635	0.0	0.0358622	0.0439992	0.0459471	0.0485882	0.0452824	0.0462333	0.0460143	0.0463293	0.0426975	0.0417446	0.0437397	0.0472862	0.0457056	0.0458588	0.0444807	0.0462119	0.0441971	0.046034	0.04608	0.0455839	0.0466139	0.0465288	0.0448743	0.0458882	0.0453017	0.0461838	0.0444869	0.0416143	0.0475226	0.0355225	0.0460209	0.047447	0.0442033	0.0449965	0.0425514	0.0456309	0.0450618	0.0447731	0.043778	0.0457023	0.0468404	0.0369961	0.0455774	0.0609639	0.0377953	0.0446737	0.0417503	0.0418136	0.037842	0.0458506	0.043697	0.0361652	0.0453226	0.0456715	0.0474814	0.0430396	0.0455725	0.0458588	0.0351233	0.0357772	0.0462862	0.04783	0.0478335	0.0465572	0.0447021	0.043322	0.0455192	0.0421636	0.0434324	0.0479169	0.0453628	0.045503	0.0452087	0.0363041	0.0375028	0.0459504	0.0387345	0.0475088	0.0471262	0.286523	0.0427464	0.0415829	0.0434687	0.0356373	0.0448632	0.0453129	0.0447588	0.0357254	0.043755	0.0480808	0.0449552	0.0462846	0.0438423	0.0432648	0.0434945	0.0363882	0.0460734	0.0358752	0.0437719	0.0438056	0.036596	0.0372082	0.0447952	0.0442856	0.0453515	0.0453531	0.0458588	0.0452808	0.0408841	0.0427597	0.0438056	0.0620808	0.0914855	0.0577637	0.0490477	0.057773	0.191836	0.18034	0.321901	0.0452488	0.163163	0.170426	0.161711	0.350208	0.191365	0.150054	0.0680267	0.0442623	0.0452375	0.0460307	0.0452504	0.0451463	0.0454804	0.0434354	0.0622384	0.0710848
J301	0.0499325	0.0448569	0.0418438	0.0358622	0.0	0.0444822	0.0452407	0.0484253	0.0456536	0.0454465	0.0460455	0.0460127	0.043191	0.0417303	0.0439422	0.04715	0.046057	0.0458898	0.0446926	0.0460965	0.0438761	0.0464405	0.0457788	0.0454982	0.0465855	0.0467765	0.0447652	0.046235	0.0459831	0.046394	0.044691	0.0415002	0.0464538	0.035649	0.0463393	0.0466725	0.0447478	0.0451288	0.042877	0.0460127	0.0449234	0.0451783	0.0436664	0.0458408	0.0472948	0.0374866	0.0448632	0.0613084	0.0373532	0.0446344	0.0421345	0.0416029	0.0380143	0.04597	0.044132	0.0358197	0.0461327	0.0464455	0.0479499	0.0430576	0.046164	0.0463691	0.0354828	0.0352642	0.0452472	0.0473905	0.0469991	0.0464821	0.0449282	0.0438469	0.0444744	0.0422335	0.0420431	0.0461442	0.0449504	0.0448015	0.044721	0.03617	0.0367283	0.0449187	0.0394961	0.046273	0.0459569	0.279978	0.0426281	0.0415771	0.043173	0.0367942	0.0441166	0.0458865	0.0454982	0.0368613	0.0441367	0.0485581	0.0449504	0.0467211	0.0441831	0.0430725	0.0436451	0.0365729	0.0469534	0.0366469	0.043322	0.0442157	0.0372007	0.0378509	0.0456568	0.0449409	0.0457935	0.0455661	0.0465688	0.0455515	0.0407698	0.0413326	0.0420431	0.0581889	0.0859603	0.054494	0.0474762	0.0545003	0.182786	0.172879	0.322728	0.0432542	0.15689	0.162683	0.154293	0.342027	0.184237	0.141848	0.0639129	0.043936	0.0446202	0.0455855	0.0453692	0.0445308	0.044603	0.0431295	0.0584862	0.0667377
J303	0.0475845	0.0389565	0.0439976	0.0439992	0.0444822	0.0	0.0415301	0.0479517	0.0451527	0.0461821	0.0460077	0.0459176	0.0448537	0.0440501	0.0368638	0.046923	0.045432	0.0456066	0.0408408	0.0458457	0.0400156	0.0459733	0.0458637	0.0452407	0.0460471	0.0460882	0.0445088	0.0404062	0.0401053	0.0462499	0.0386513	0.0439038	0.0409763	0.0439715	0.0457951	0.047201	0.0374142	0.0382798	0.0446706	0.0457121	0.0450251	0.0378079	0.0370822	0.0454756	0.0465255	0.0445841	0.0456114	0.0611319	0.0455742	0.0396111	0.0439838	0.0438562	0.0456325	0.0457462	0.0367381	0.0437489	0.0401898	0.0404241	0.0474693	0.0448173	0.0455823	0.0460176	0.0439992	0.0442049	0.0455887	0.0473255	0.0474402	0.0461212	0.0446942	0.0455224	0.0388192	0.0442406	0.0453242	0.0409372	0.045453	0.0452472	0.045065	0.0438961	0.0448521	0.045704	0.0449568	0.0409651	0.0408701	0.285749	0.0450331	0.0435234	0.0359392	0.0450124	0.0441785	0.0451543	0.0447036	0.0451927	0.0365754	0.0478248	0.0446454	0.0461212	0.0366275	0.035841	0.0366348	0.0445386	0.0464788	0.0443822	0.0368076	0.0368173	0.0445135	0.0452295	0.0382081	0.0373893	0.0450299	0.0450411	0.0459242	0.0450761	0.0428979	0.0447857	0.0455111	0.0570216	0.0869579	0.0527542	0.0437688	0.052712	0.192524	0.176782	0.327098	0.0470888	0.163476	0.167345	0.160598	0.351719	0.187713	0.148257	0.0644793	0.036947	0.0450921	0.0458375	0.0456861	0.0451192	0.0453676	0.0388087	0.0567995	0.0660278
J307	0.0460045	0.0418265	0.0454933	0.0459471	0.0452407	0.0415301	0.0	0.048235	0.046399	0.0460586	0.0467312	0.0463708	0.0464838	0.0450474	0.0405453	0.0472828	0.0463293	0.0467564	0.0409148	0.0465605	0.039979	0.0473802	0.0460784	0.0460504	0.0467295	0.0471568	0.0451463	0.0420054	0.0418697	0.0473682	0.0407087	0.0450363	0.0439576	0.0455612	0.0467228	0.0478075	0.0415386	0.0420967	0.0467446	0.047038	0.046235	0.0421592	0.0406976	0.0468943	0.0482526	0.0465538	0.046192	0.0617548	0.0465889	0.0405232	0.0452536	0.0444885	0.0466056	0.0465855	0.0408715	0.0449854	0.0407573	0.0410184	0.0482298	0.0467077	0.0468387	0.0470211	0.0453869	0.0451719	0.0461129	0.0478508	0.0474625	0.0469348	0.046057	0.0473289	0.0416701	0.045934	0.0460192	0.0433462	0.0463277	0.0461294	0.0458343	0.045276	0.0454143	0.0462251	0.0466323	0.0431265	0.0426	0.281707	0.0458	0.0449997	0.0400957	0.0467849	0.0450474	0.0464489	0.0461096	0.0469264	0.0413071	0.0491487	0.0452808	0.0472555	0.0411927	0.0396661	0.0404764	0.0459471	0.0473836	0.046331	0.0400061	0.0410661	0.0459438	0.0471296	0.042702	0.0419187	0.0463708	0.0460406	0.0470278	0.0460718	0.0439437	0.0446375	0.0453306	0.0539715	0.0830441	0.049855	0.0431115	0.0502558	0.185827	0.16747	0.325302	0.0467413	0.157663	0.162459	0.153597	0.339586	0.180753	0.141688	0.0586453	0.0408213	0.0459667	0.0468472	0.0467799	0.0458196	0.0457397	0.0393165	0.0550911	0.0632712
J310	0.0534035	0.0481912	0.0479291	0.0485882	0.0484253	0.0479517	0.048235	0.0	0.0467111	0.046827	0.0472282	0.0468792	0.04925	0.0478526	0.0471789	0.0478335	0.0470194	0.0480738	0.0478092	0.0466926	0.0469129	0.0484465	0.0467732	0.046085	0.0476414	0.0479117	0.0457853	0.0495045	0.0491072	0.0486344	0.0473717	0.0477659	0.0500103	0.0483653	0.04706	0.0492899	0.0478075	0.0481982	0.0493661	0.0487698	0.0476242	0.0485474	0.0468505	0.0487449	0.0499769	0.0491921	0.0476483	0.0627684	0.0490477	0.0479099	0.0480703	0.047435	0.0494553	0.0475501	0.0472999	0.047797	0.048802	0.0489992	0.0494207	0.0492826	0.0479064	0.0480791	0.0482069	0.0477641	0.0465588	0.0485652	0.0476449	0.04715	0.0478075	0.0501775	0.0479883	0.0484536	0.0483988	0.0494462	0.0480214	0.0476656	0.0475157	0.0477347	0.0483918	0.0477191	0.0492953	0.0495009	0.0492065	0.285367	0.048622	0.0475484	0.0464489	0.0494298	0.0454949	0.0470939	0.0465705	0.0496692	0.0475673	0.0494644	0.0453081	0.0471789	0.0477157	0.0465121	0.0468707	0.048861	0.0475484	0.0487377	0.0464439	0.0477364	0.0486647	0.0496417	0.0488897	0.0482105	0.0471551	0.0467967	0.0471908	0.0468219	0.0466826	0.0476018	0.0482017	0.0608726	0.0888618	0.0577312	0.0505652	0.057936	0.188588	0.173265	0.327098	0.0496124	0.160384	0.164897	0.156276	0.343297	0.185367	0.144845	0.0663413	0.04723	0.0465622	0.0474968	0.0479099	0.0467144	0.0465555	0.0463028	0.0615632	0.0698207
J311	0.0531484	0.0466742	0.0452007	0.0452824	0.0456536	0.0451527	0.046399	0.0467111	0.0	0.0385645	0.0410254	0.0402431	0.0459454	0.0449472	0.0446077	0.0422116	0.0400536	0.0453049	0.0452472	0.0416987	0.0445715	0.0453933	0.038754	0.0409861	0.0411068	0.0410885	0.0393086	0.0467127	0.0460948	0.045613	0.0450905	0.0449631	0.0482245	0.0452424	0.0408659	0.0468135	0.0453001	0.0461245	0.045862	0.0451847	0.044581	0.0459618	0.044952	0.0455062	0.0466474	0.0460307	0.0453274	0.0593328	0.0463293	0.0455337	0.0450363	0.0446674	0.0467648	0.0453933	0.0447147	0.0448157	0.0463757	0.0464189	0.0473939	0.0460882	0.0415557	0.0419086	0.0453451	0.0449171	0.0410591	0.0427849	0.0426665	0.0415757	0.0445684	0.0468994	0.0462003	0.0456114	0.0465805	0.0483019	0.0451272	0.0448632	0.0447762	0.0448537	0.0458931	0.0455855	0.0458947	0.0480843	0.0475828	0.287707	0.0460981	0.0449584	0.0441196	0.0460554	0.0393882	0.0404007	0.0403211	0.0461063	0.0445888	0.0436466	0.040123	0.0417403	0.0449409	0.044208	0.0444869	0.0454675	0.0409903	0.0453049	0.0445073	0.0450204	0.045592	0.0464106	0.0463277	0.0453821	0.0407142	0.0405232	0.0402636	0.0383247	0.0441723	0.0457365	0.0464771	0.0615813	0.0912404	0.0581302	0.0496014	0.0577753	0.192311	0.178884	0.332933	0.0480721	0.162711	0.168318	0.160948	0.35328	0.189429	0.148339	0.0674827	0.0449806	0.0447068	0.0452873	0.0451543	0.0446124	0.0446187	0.0441537	0.0620389	0.0710047
J315	0.0510854	0.0462234	0.0458735	0.0462333	0.0454465	0.0461821	0.0460586	0.046827	0.0385645	0.0	0.0417274	0.040898	0.0470499	0.0454368	0.0451927	0.0427953	0.0408018	0.0460225	0.045626	0.0422626	0.0449933	0.0463807	0.0393072	0.0411223	0.0420996	0.0422758	0.0398991	0.0478717	0.0474128	0.0463475	0.0455677	0.0451943	0.04737	0.0459192	0.04161	0.0465238	0.0461146	0.0465271	0.0472334	0.0461904	0.0450666	0.0468707	0.044952	0.0459963	0.0475708	0.0467178	0.0452584	0.0603794	0.0467312	0.0461162	0.0457886	0.0452375	0.0469247	0.0459913	0.0455046	0.0455887	0.0473016	0.0476604	0.0483195	0.0471432	0.0424089	0.0425838	0.0454417	0.0448031	0.0409372	0.0429441	0.0427553	0.0420011	0.044933	0.0480738	0.0459799	0.0463542	0.0460817	0.0472743	0.0452199	0.0449345	0.0448806	0.0453595	0.045524	0.0449123	0.0469551	0.0475226	0.0471517	0.280662	0.0464405	0.0454111	0.0447036	0.0473494	0.0398977	0.0414291	0.0412294	0.0473631	0.0456439	0.0448711	0.0406435	0.0427864	0.0457332	0.0444478	0.0448062	0.0464771	0.0418856	0.0466558	0.0445276	0.0456439	0.0465822	0.0474745	0.047557	0.0465555	0.041838	0.041276	0.0415472	0.0392582	0.0444916	0.045132	0.045613	0.0588363	0.086318	0.0551449	0.0485421	0.0554196	0.185781	0.170826	0.321087	0.0469213	0.156915	0.161003	0.153666	0.343297	0.182656	0.141423	0.0640177	0.0451495	0.0448062	0.0453435	0.045787	0.0447667	0.0446061	0.0445559	0.0587455	0.0671715
J316	0.0529376	0.047218	0.0457137	0.0460143	0.0460455	0.0460077	0.0467312	0.0472282	0.0410254	0.0417274	0.0	0.0410928	0.0468775	0.0456633	0.0449886	0.0425484	0.0421578	0.0456017	0.0457804	0.0421767	0.0449774	0.0457804	0.0418812	0.0409456	0.0418351	0.0419606	0.0399397	0.0474299	0.0470939	0.045993	0.0459078	0.0454401	0.0487681	0.0460324	0.0410072	0.0472163	0.0460258	0.0467799	0.0465822	0.0458343	0.0452488	0.0466725	0.0455402	0.0460307	0.0470956	0.0469264	0.0454481	0.060492	0.0472402	0.0464622	0.0458539	0.0452856	0.0475845	0.0455402	0.0455305	0.0459487	0.0468977	0.0472078	0.0477451	0.0469365	0.0428324	0.0430336	0.0458637	0.0459045	0.0414049	0.0426487	0.043387	0.0422291	0.0451719	0.0476276	0.0467262	0.0462945	0.04679	0.0485226	0.0455483	0.0452808	0.0449886	0.0456585	0.0467379	0.0457902	0.0469872	0.048323	0.0481403	0.285367	0.0467664	0.0454385	0.0447005	0.0469247	0.0399925	0.0407573	0.0403966	0.0471823	0.045453	0.04449	0.0407893	0.0422641	0.0457202	0.0446108	0.0450984	0.0464173	0.0415016	0.0462086	0.0451048	0.0456763	0.0465805	0.0472538	0.0469534	0.046268	0.0409553	0.0410184	0.0412195	0.0410759	0.0444791	0.0459307	0.046832	0.0617393	0.0902799	0.0578521	0.0499695	0.0576455	0.191106	0.177782	0.328965	0.0483159	0.162543	0.167782	0.159355	0.345942	0.191054	0.147024	0.0669734	0.0455337	0.0449409	0.0455079	0.0453644	0.0448442	0.0446596	0.0446958	0.0621464	0.0705576
J317	0.051717	0.0464821	0.0454562	0.0463293	0.0460127	0.0459176	0.0463708	0.0468792	0.0402431	0.040898	0.0410928	0.0	0.0468556	0.0456893	0.0449393	0.0414859	0.0419534	0.0455871	0.0454594	0.0413765	0.0449234	0.0459766	0.0411153	0.0401884	0.0418064	0.0420257	0.0400129	0.0475346	0.0471483	0.0461624	0.0455321	0.0452776	0.0480354	0.0461063	0.040933	0.0467429	0.0460965	0.0465405	0.0468135	0.0460932	0.0450411	0.0468505	0.0450793	0.0461525	0.0474436	0.0470211	0.0454772	0.0603519	0.0467614	0.0461031	0.0457235	0.0450618	0.0473392	0.0454272	0.0453837	0.0456212	0.0470922	0.0473306	0.0478179	0.0469619	0.0431895	0.043493	0.0456325	0.0451751	0.0409735	0.0428146	0.042702	0.0419202	0.0449965	0.0477676	0.0461327	0.0462664	0.0462432	0.0474762	0.0453451	0.0450953	0.0449949	0.0455046	0.0457804	0.0453821	0.0469264	0.0478369	0.0473358	0.281707	0.0465355	0.045321	0.0444854	0.047293	0.0399112	0.0412139	0.0408171	0.0473973	0.0452536	0.0443869	0.0401107	0.0421461	0.0456698	0.0444244	0.0449377	0.0465538	0.0392397	0.0465221	0.0444854	0.0456374	0.0465171	0.0475329	0.0473871	0.0463028	0.0411983	0.0409917	0.0392556	0.0410015	0.0441785	0.0451527	0.0457886	0.0595055	0.0878476	0.0559867	0.0487681	0.0560397	0.187044	0.173442	0.327098	0.0473888	0.158887	0.16434	0.155911	0.348743	0.184192	0.143496	0.0650971	0.0454643	0.0444916	0.0452311	0.0455936	0.044537	0.0443386	0.0442514	0.0603195	0.0681161
J318	0.0537432	0.0470549	0.0380996	0.0426975	0.043191	0.0448537	0.0464838	0.04925	0.0459454	0.0470499	0.0468775	0.0468556	0.0	0.0378332	0.0445386	0.0478751	0.0463293	0.0462548	0.0453821	0.0465055	0.0447036	0.0464705	0.0469467	0.0460307	0.0469822	0.0469484	0.0453547	0.0468522	0.0459963	0.0464272	0.0453563	0.0375941	0.0486825	0.0428131	0.0466742	0.0479186	0.0452391	0.0459373	0.0385166	0.0462499	0.0453949	0.0456001	0.0445888	0.0460028	0.0468573	0.0434612	0.0461788	0.0618953	0.0444275	0.0455386	0.0379991	0.0381085	0.0442359	0.0461591	0.0444041	0.0424001	0.0459029	0.0460406	0.0478109	0.0384947	0.0463161	0.0466307	0.0428607	0.0430651	0.0468893	0.0485865	0.0480861	0.0468842	0.0451799	0.0398491	0.0464173	0.0388192	0.0402513	0.0488789	0.0461525	0.0458049	0.0457658	0.0423254	0.0439268	0.0464905	0.0438224	0.0483477	0.0479848	0.287309	0.0443432	0.0428592	0.0444181	0.0433507	0.0454191	0.0459111	0.0454465	0.043575	0.0443697	0.0483918	0.0454239	0.0467077	0.044337	0.0440223	0.0443744	0.043182	0.0469298	0.04288	0.0446627	0.0444666	0.0430456	0.0436985	0.0456568	0.0449838	0.0459389	0.0459963	0.0465405	0.0460932	0.03699	0.0391868	0.0401094	0.0630203	0.0929526	0.0589922	0.049796	0.0588124	0.193439	0.182098	0.33191	0.0474196	0.164195	0.171331	0.163419	0.354894	0.193548	0.151394	0.0691549	0.0447178	0.0455968	0.0463542	0.0457349	0.0454336	0.0457462	0.044098	0.0631469	0.0723337
J319	0.0514297	0.0451447	0.0368821	0.0417446	0.0417303	0.0440501	0.0450474	0.0478526	0.0449472	0.0454368	0.0456633	0.0456893	0.0378332	0.0	0.04339	0.0466424	0.0452311	0.0451591	0.0442483	0.0455839	0.0433946	0.0458686	0.0454401	0.0449076	0.0461459	0.0460488	0.0441676	0.0456812	0.045252	0.0455127	0.0438899	0.0364811	0.0468236	0.041851	0.045558	0.0464189	0.0441057	0.0446297	0.0378142	0.0454094	0.0444275	0.0449917	0.0431745	0.0452584	0.0464339	0.0425249	0.044841	0.0606428	0.0429396	0.04444	0.0372874	0.037134	0.0431235	0.0452696	0.043639	0.0414532	0.0452856	0.0455839	0.0471245	0.0381353	0.0455515	0.0456358	0.0416515	0.0414788	0.0452536	0.0469062	0.0465755	0.0459078	0.0440702	0.0391472	0.044647	0.0379559	0.0387098	0.0466641	0.0447021	0.0445292	0.0441676	0.0412153	0.0421679	0.0451543	0.0429053	0.0464289	0.0464389	0.280662	0.0428309	0.0416887	0.0429202	0.0424955	0.0439745	0.0447525	0.0448015	0.0427731	0.0434657	0.0478265	0.0441475	0.0458539	0.0436375	0.0425175	0.043188	0.042197	0.0460554	0.0422014	0.0432617	0.0436146	0.0421956	0.0428696	0.0448949	0.0442701	0.0452247	0.0447652	0.0454368	0.0449266	0.0359653	0.037524	0.038143	0.060118	0.0890825	0.0562103	0.0478508	0.0561726	0.188539	0.176403	0.333979	0.044987	0.160118	0.165668	0.158578	0.342027	0.18988	0.14513	0.0656013	0.0435781	0.0441987	0.0452071	0.0449123	0.0441243	0.0445151	0.0429336	0.0599496	0.0683949
J320	0.0457642	0.0380601	0.0432708	0.0437397	0.0439422	0.0368638	0.0405453	0.0471789	0.0446077	0.0451927	0.0449886	0.0449393	0.0445386	0.04339	0.0	0.0463525	0.0447936	0.0453724	0.0397938	0.045108	0.0393563	0.0456845	0.0450873	0.0447431	0.0455936	0.0458065	0.043873	0.0399559	0.039814	0.0457511	0.0382683	0.042956	0.040168	0.043778	0.0450283	0.0462581	0.0373657	0.0380678	0.0446517	0.0453644	0.0442654	0.0379357	0.036642	0.0450905	0.0463061	0.0441661	0.044669	0.0605874	0.0448078	0.0388087	0.0433432	0.0429784	0.0450411	0.0453515	0.0367259	0.0431595	0.0395228	0.0397494	0.0472521	0.0443557	0.045329	0.0455661	0.0435173	0.0434127	0.0446769	0.0465755	0.0463011	0.0454062	0.0440424	0.0453065	0.0378964	0.0439299	0.0443541	0.0398208	0.04457	0.0443885	0.0440702	0.043113	0.0438423	0.044501	0.0446454	0.0398491	0.0400618	0.281707	0.044132	0.0431535	0.035938	0.0447699	0.0435857	0.0446077	0.0444462	0.0448173	0.036369	0.047502	0.0439946	0.0453194	0.0363882	0.0360056	0.0363173	0.0442266	0.0457804	0.0440671	0.0363726	0.0364509	0.0439514	0.0451144	0.0377474	0.0371118	0.0444603	0.0446061	0.0453403	0.0445637	0.0422758	0.0436603	0.0442654	0.0548147	0.0831258	0.0508034	0.042522	0.0509613	0.188051	0.171944	0.322728	0.0457137	0.160465	0.163877	0.156251	0.347322	0.184731	0.143202	0.061747	0.0366554	0.0443432	0.0451895	0.0448838	0.0442872	0.0441475	0.0380512	0.0546827	0.0633796
J321g	0.0536172	0.0480057	0.0468219	0.0472862	0.04715	0.046923	0.0472828	0.0478335	0.0422116	0.0427953	0.0425484	0.0414859	0.0478751	0.0466424	0.0463525	0.0	0.0428666	0.0468371	0.0464905	0.0414234	0.0458686	0.0471075	0.0425971	0.0409483	0.0430695	0.0431835	0.041142	0.0482175	0.0479447	0.0473511	0.0469737	0.0465688	0.0495685	0.0472419	0.0420199	0.0480406	0.0470515	0.0475811	0.048011	0.0472351	0.0463061	0.0475708	0.0462333	0.0471007	0.0482421	0.0481106	0.0464988	0.0608169	0.0481982	0.0473922	0.0468337	0.0461574	0.0484023	0.046832	0.046624	0.0467194	0.0481071	0.04833	0.0490243	0.0477243	0.0440748	0.0443245	0.0470702	0.0468286	0.0425927	0.0442188	0.0433537	0.0426266	0.0461722	0.0486451	0.047526	0.0471364	0.0474814	0.0492373	0.0465255	0.0463442	0.0461689	0.0465956	0.0472555	0.0465421	0.0478873	0.0489938	0.0486593	0.283502	0.0477468	0.0466725	0.0457788	0.0477001	0.0411434	0.042662	0.0422014	0.0483582	0.0466323	0.0444713	0.0404502	0.0422597	0.0467127	0.0456633	0.0457658	0.0475071	0.0418913	0.0475157	0.0459831	0.046629	0.047638	0.0483019	0.0480232	0.0472982	0.0427923	0.0421461	0.0413496	0.0426251	0.0456374	0.0468387	0.0474642	0.0618068	0.0893733	0.0579266	0.0503343	0.0576524	0.189629	0.176935	0.323571	0.0491487	0.161932	0.166362	0.158913	0.345942	0.188197	0.146019	0.0670843	0.0464622	0.0457853	0.0465155	0.0468488	0.0457821	0.0456504	0.0456487	0.0619997	0.0701417
J322	0.0532135	0.0471075	0.0455968	0.0457056	0.046057	0.045432	0.0463293	0.0470194	0.0400536	0.0408018	0.0421578	0.0419534	0.0463293	0.0452311	0.0447936	0.0428666	0.0	0.0458065	0.0451352	0.0421534	0.0446847	0.0459553	0.0400047	0.0416486	0.0420344	0.0421723	0.0404241	0.0469011	0.0465939	0.0460652	0.0454465	0.0453338	0.0482719	0.0456487	0.041769	0.0471517	0.0454143	0.046268	0.0462929	0.0456731	0.0450172	0.0461508	0.0451064	0.045691	0.0467816	0.0462929	0.0455159	0.0599447	0.047133	0.0460734	0.0453982	0.0452343	0.0469771	0.0456893	0.0449822	0.0453017	0.0466106	0.0468707	0.0475897	0.0460932	0.0412068	0.0414731	0.0455483	0.0454804	0.0419216	0.0435234	0.0421679	0.0412393	0.0449171	0.0470905	0.0467345	0.0460209	0.0467698	0.0484783	0.0455806	0.0453451	0.0450299	0.0452969	0.0461459	0.0456309	0.0460751	0.048004	0.0481071	0.287309	0.0464455	0.0451831	0.0447604	0.0464555	0.0402321	0.041317	0.041111	0.0464073	0.0454127	0.0433386	0.0401434	0.0422977	0.0453821	0.0446139	0.0447178	0.0460751	0.0420706	0.0457316	0.0448886	0.0452584	0.0459487	0.0467312	0.0464638	0.0457788	0.0415843	0.0414845	0.0417963	0.0395509	0.0443136	0.045898	0.0466775	0.0618458	0.091732	0.0578753	0.0496124	0.0579453	0.192845	0.177744	0.333979	0.0485173	0.163562	0.170227	0.161111	0.347322	0.190693	0.148586	0.067419	0.045366	0.0450315	0.0457593	0.0456341	0.0447636	0.044952	0.0442064	0.0625767	0.0713091
J324	0.0534629	0.047447	0.0451687	0.0458588	0.0458898	0.0456066	0.0467564	0.0480738	0.0453049	0.0460225	0.0456017	0.0455871	0.0462548	0.0451591	0.0453724	0.0468371	0.0458065	0.0	0.0458473	0.0457349	0.0453274	0.0383388	0.0458326	0.0454949	0.0462036	0.0462598	0.0445857	0.0475415	0.0468522	0.0386721	0.046011	0.0450697	0.0490693	0.0458392	0.0456585	0.0436817	0.045717	0.0464605	0.0461706	0.0424411	0.0414319	0.0465105	0.0453917	0.0422787	0.0433175	0.0465188	0.0416357	0.0614163	0.0467916	0.046235	0.0451911	0.0449981	0.0469281	0.0381915	0.0452135	0.0452456	0.0468657	0.0470041	0.0401243	0.0461409	0.0458767	0.0462515	0.0455272	0.0457528	0.0459045	0.0472317	0.0471534	0.0460373	0.0411828	0.0469078	0.046634	0.0455774	0.0464538	0.0488091	0.0412732	0.0413099	0.041173	0.0453612	0.0461146	0.0415743	0.0462862	0.0485333	0.0481053	0.283138	0.0462862	0.0452921	0.0448031	0.046164	0.044415	0.0451416	0.0449647	0.0467732	0.0454659	0.0480703	0.0447399	0.0460619	0.045545	0.0447163	0.0449774	0.0459013	0.0463774	0.0460209	0.0450092	0.0454352	0.0460373	0.0468169	0.0468034	0.0459438	0.0454626	0.0452856	0.0455758	0.0453403	0.0441305	0.0454691	0.0464422	0.062291	0.0917152	0.0584246	0.0500084	0.0582477	0.192577	0.179164	0.332933	0.0481754	0.164399	0.169214	0.161003	0.350208	0.190031	0.148421	0.0677445	0.0454917	0.0378496	0.0386059	0.0386721	0.0377235	0.0375916	0.0445935	0.0626405	0.0715483
J326	0.0480843	0.0421476	0.0444791	0.0444807	0.0446926	0.0408408	0.0409148	0.0478092	0.0452472	0.045626	0.0457804	0.0454594	0.0453821	0.0442483	0.0397938	0.0464905	0.0451352	0.0458473	0.0	0.0454078	0.0358658	0.0462234	0.045453	0.0449536	0.045831	0.045952	0.0444979	0.0413779	0.0409889	0.0462333	0.0390379	0.0439007	0.0436664	0.0446045	0.0456828	0.047514	0.0407754	0.0415201	0.0450889	0.0459258	0.0452937	0.0414916	0.0403801	0.0459733	0.0470499	0.0453724	0.0458735	0.0609766	0.0457723	0.0407643	0.0442002	0.0438132	0.0458033	0.0459864	0.040183	0.0440239	0.0410436	0.0412986	0.0477295	0.0449933	0.0455936	0.0458784	0.0445402	0.0444697	0.0455806	0.0473306	0.0465572	0.0456082	0.0449266	0.0459274	0.0419202	0.0447588	0.0453467	0.0435279	0.0455256	0.0456066	0.0452905	0.0443775	0.0449631	0.0458718	0.0451735	0.0434687	0.0432346	0.284239	0.0450124	0.0440377	0.03981	0.0453338	0.0442545	0.0450857	0.044636	0.0455046	0.0403238	0.0475415	0.0439345	0.0455564	0.0402021	0.0394188	0.0397911	0.0447036	0.0460143	0.0448458	0.040055	0.0400509	0.0448426	0.045626	0.0413029	0.0406034	0.0453885	0.0450809	0.0454562	0.0449568	0.0431325	0.0447588	0.0454626	0.0571674	0.0866441	0.052696	0.0447036	0.0527643	0.191106	0.174012	0.327098	0.0469619	0.16288	0.166882	0.159225	0.345942	0.186479	0.145902	0.0621858	0.040228	0.0451192	0.0459258	0.0453676	0.0448996	0.0451703	0.0395228	0.057477	0.0663001
J327	0.0529679	0.0470244	0.0456195	0.0462119	0.0460965	0.0458457	0.0465605	0.0466926	0.0416987	0.0422626	0.0421767	0.0413765	0.0465055	0.0455839	0.045108	0.0414234	0.0421534	0.0457349	0.0454078	0.0	0.0448315	0.0458555	0.041991	0.0395095	0.0425661	0.0427271	0.0408799	0.0473272	0.04695	0.0461228	0.0456341	0.0451895	0.0485333	0.0460817	0.0415871	0.0474608	0.0459192	0.0465205	0.0467345	0.0462234	0.0453419	0.0464771	0.0452873	0.0463243	0.0475312	0.046864	0.0458637	0.060322	0.0471789	0.0461821	0.0457853	0.0452824	0.0473511	0.0457235	0.0453258	0.0456617	0.0467748	0.047038	0.0480354	0.0466424	0.043167	0.0434233	0.0458228	0.0457984	0.0421549	0.0437994	0.04164	0.0409414	0.0452696	0.0475759	0.0462036	0.0461706	0.0467648	0.0485244	0.0456244	0.0453853	0.0453113	0.0454562	0.0462201	0.0457739	0.0466826	0.0481754	0.0479918	0.286134	0.0466759	0.0456487	0.0445464	0.0469517	0.0407115	0.0419577	0.0414845	0.0469686	0.0451016	0.0427983	0.038891	0.0391749	0.0455272	0.0446438	0.0448331	0.0460504	0.0418654	0.0462499	0.045116	0.0454885	0.0462499	0.0469517	0.0465672	0.0457137	0.0420619	0.0411153	0.04158	0.0415771	0.0443214	0.0457739	0.0463874	0.0612162	0.0904866	0.0577289	0.0496729	0.0573942	0.19054	0.177126	0.329926	0.0482473	0.162908	0.167719	0.159643	0.350208	0.189478	0.147064	0.0669405	0.0452087	0.0448505	0.0452039	0.045374	0.0448395	0.0447163	0.0445182	0.0614575	0.0702036
J328	0.0463774	0.0409511	0.043729	0.0441971	0.0438761	0.0400156	0.039979	0.0469129	0.0445715	0.0449933	0.0449774	0.0449234	0.0447036	0.0433946	0.0393563	0.0458686	0.0446847	0.0453274	0.0358658	0.0448315	0.0	0.0457739	0.044751	0.0445637	0.0457625	0.0459373	0.0434703	0.0411167	0.0408576	0.0455321	0.0383697	0.0429545	0.0427449	0.0438853	0.045329	0.0464522	0.0405039	0.0410956	0.0448252	0.0455143	0.0446454	0.0412139	0.0395562	0.0453628	0.0465405	0.0448996	0.0447557	0.0603844	0.044868	0.0399302	0.0436985	0.043101	0.045022	0.045366	0.0399153	0.0436329	0.0408771	0.0411195	0.0474522	0.0447652	0.0454094	0.0454901	0.0437856	0.0434097	0.0445323	0.0465371	0.0458163	0.044868	0.0443168	0.0456293	0.040717	0.0442095	0.0442903	0.0426679	0.0448553	0.0444228	0.04444	0.0435979	0.0440393	0.0447304	0.0446375	0.0423576	0.0421374	0.281707	0.044163	0.0431265	0.0390984	0.0448141	0.0434627	0.0448616	0.0443308	0.0451128	0.0395964	0.0472965	0.0432904	0.0451879	0.039662	0.0384908	0.0391393	0.0443355	0.0455434	0.0444807	0.0391762	0.0396808	0.0444353	0.0453194	0.0410914	0.0403746	0.044762	0.0444494	0.0453644	0.0446265	0.0422466	0.0434051	0.0441011	0.0550138	0.083934	0.05083	0.04349	0.0512793	0.186666	0.169997	0.329926	0.0454256	0.159146	0.162543	0.154976	0.347322	0.183748	0.143111	0.0598092	0.0398019	0.0440825	0.0452119	0.045057	0.0442328	0.0443386	0.0387501	0.0549902	0.0638221
J329	0.0544834	0.0481999	0.0458228	0.046034	0.0464405	0.0459733	0.0473802	0.0484465	0.0453933	0.0463807	0.0457804	0.0459766	0.0464705	0.0458686	0.0456845	0.0471075	0.0459553	0.0383388	0.0462234	0.0458555	0.0457739	0.0	0.046326	0.0454691	0.0461821	0.0463641	0.0450729	0.0482245	0.0473734	0.0376568	0.0463326	0.045503	0.0496729	0.045934	0.0460258	0.044721	0.0463492	0.0469686	0.0463525	0.0428741	0.0422597	0.0470719	0.046164	0.0426635	0.0437306	0.0467849	0.0423386	0.0615632	0.0473939	0.0466457	0.0454514	0.0455887	0.0474934	0.0391208	0.0458	0.0458343	0.0470973	0.0473152	0.0406352	0.0465905	0.0458424	0.0461212	0.0460028	0.0463343	0.0463426	0.0477676	0.0475002	0.0459536	0.0416686	0.0471908	0.0476086	0.0459291	0.0471228	0.0497537	0.042046	0.0423708	0.0420503	0.0457218	0.0469112	0.0426295	0.046696	0.0495429	0.0489363	0.288513	0.0469771	0.0456309	0.0454336	0.0466407	0.0447273	0.045537	0.0449758	0.0469078	0.0458539	0.0479325	0.0449282	0.045934	0.0460652	0.0451975	0.0455968	0.0464605	0.0462631	0.0463492	0.0457902	0.0459013	0.0462399	0.0471194	0.0471602	0.0465088	0.0458375	0.0454191	0.0460045	0.0456552	0.0444431	0.0462647	0.0473477	0.0635865	0.0935062	0.0598141	0.0507997	0.0593789	0.192631	0.181085	0.33191	0.0494808	0.16615	0.171229	0.163734	0.351719	0.192577	0.150719	0.0695696	0.0459062	0.0370699	0.0378939	0.0386163	0.0379116	0.0370133	0.0450458	0.0639322	0.0731143
J330	0.0523129	0.0468354	0.0456893	0.04608	0.0457788	0.0458637	0.0460784	0.0467732	0.038754	0.0393072	0.0418812	0.0411153	0.0469467	0.0454401	0.0450873	0.0425971	0.0400047	0.0458326	0.045453	0.041991	0.044751	0.046326	0.0	0.0412732	0.0416257	0.0416586	0.0398612	0.047305	0.0470109	0.0464156	0.0455887	0.0451559	0.0484324	0.0457495	0.0415101	0.0468253	0.0457267	0.0462614	0.0467698	0.0460389	0.0451384	0.0465605	0.0451336	0.0458784	0.0471908	0.0465088	0.0454675	0.0600486	0.0466859	0.0460455	0.0455531	0.0451224	0.0468253	0.0459062	0.0451527	0.0454111	0.046918	0.0471211	0.047936	0.0468	0.0422553	0.0424309	0.0457056	0.0453966	0.0414319	0.0428949	0.0424265	0.0417934	0.0448474	0.0478699	0.0460784	0.045993	0.0464638	0.0479012	0.0453724	0.0450984	0.0452167	0.04526	0.0457723	0.0453049	0.046629	0.0478474	0.0475966	0.286914	0.0464788	0.0454481	0.0445527	0.0467027	0.0397723	0.041235	0.0406504	0.0470058	0.0453547	0.0441057	0.0404089	0.0425323	0.0455806	0.0445104	0.0446958	0.0462003	0.0417547	0.0462185	0.0447636	0.0454078	0.0462003	0.0472982	0.0468758	0.046164	0.0412294	0.0411251	0.0414916	0.0375478	0.0444603	0.0454336	0.0462962	0.0604069	0.0883308	0.0568312	0.0493879	0.0566035	0.189478	0.175358	0.329926	0.0480144	0.16084	0.165609	0.15784	0.35328	0.186572	0.144845	0.0657487	0.045366	0.0447194	0.045849	0.0455111	0.044879	0.0447999	0.0441909	0.0606201	0.0691295
J331	0.0525518	0.0463094	0.0452568	0.0455839	0.0454982	0.0452407	0.0460504	0.046085	0.0409861	0.0411223	0.0409456	0.0401884	0.0460307	0.0449076	0.0447431	0.0409483	0.0416486	0.0454949	0.0449536	0.0395095	0.0445637	0.0454691	0.0412732	0.0	0.041259	0.0413907	0.039298	0.0466524	0.0462251	0.0455839	0.0453595	0.0446737	0.0481158	0.0454998	0.0394495	0.0467312	0.0453403	0.0458131	0.0460242	0.0454659	0.0447588	0.0459995	0.0447241	0.0456845	0.0467916	0.0461426	0.0450538	0.0596668	0.0464672	0.0456276	0.0451463	0.0444009	0.0470295	0.0452664	0.0449631	0.0451975	0.0462912	0.0466156	0.0473648	0.0461772	0.0424617	0.0425676	0.0452905	0.0453145	0.0408841	0.0423781	0.0420895	0.0410408	0.0448236	0.0467446	0.0458669	0.0455758	0.0460669	0.0478873	0.0452375	0.0448838	0.0447983	0.0447683	0.0458816	0.0450618	0.0462747	0.0476552	0.0474196	0.285367	0.0462201	0.0449854	0.0442064	0.0464422	0.0390379	0.0404461	0.0400373	0.0465872	0.0449472	0.0429262	0.0391063	0.0400115	0.0452792	0.0441522	0.0442328	0.0458408	0.0407976	0.0457674	0.0443339	0.0448838	0.0458294	0.0467547	0.0465688	0.0456471	0.0405591	0.040074	0.0402431	0.0407698	0.0440439	0.0452263	0.0460488	0.0609614	0.0892144	0.0568447	0.0491162	0.0568289	0.191002	0.177049	0.332933	0.0477226	0.162237	0.167097	0.159121	0.348743	0.18908	0.146945	0.0663501	0.0447983	0.0446422	0.0450697	0.0453563	0.0445104	0.0443105	0.0440903	0.0612828	0.0697336
J333	0.0537369	0.0475209	0.0461739	0.0466139	0.0465855	0.0460471	0.0467295	0.0476414	0.0411068	0.0420996	0.0418351	0.0418064	0.0469822	0.0461459	0.0455936	0.0430695	0.0420344	0.0462036	0.045831	0.0425661	0.0457625	0.0461821	0.0416257	0.041259	0.0	0.0195696	0.036799	0.0475708	0.0472214	0.0465905	0.0461854	0.0459569	0.0490675	0.0462581	0.0410338	0.047638	0.0460307	0.0467984	0.046864	0.046197	0.045652	0.0468118	0.0454982	0.0465772	0.0475054	0.0469737	0.0462267	0.0606982	0.0475209	0.0467262	0.0464206	0.0456861	0.0475966	0.0462086	0.045613	0.0461228	0.0472948	0.047526	0.0479743	0.0471364	0.043122	0.0434188	0.0462631	0.0461887	0.0401857	0.041513	0.0440269	0.0428042	0.0455628	0.0478144	0.0472589	0.0464139	0.0471704	0.0489399	0.0462747	0.0457756	0.0458408	0.0460045	0.0470363	0.0462185	0.0471092	0.0485847	0.0485191	0.288513	0.0472845	0.0459389	0.0451256	0.0470414	0.0383286	0.0393656	0.038874	0.0472112	0.045743	0.044868	0.0412153	0.0428503	0.0458653	0.0449695	0.0453676	0.0467463	0.0419751	0.0464721	0.045244	0.0459405	0.0466374	0.0475037	0.0471653	0.046108	0.0395924	0.0399803	0.0418539	0.0411026	0.0450363	0.0465021	0.0474025	0.0623253	0.0911849	0.0586954	0.0502577	0.058472	0.192845	0.179809	0.329926	0.0491722	0.164428	0.169085	0.160598	0.348743	0.18993	0.14838	0.0681933	0.0455693	0.0454368	0.0461261	0.0459323	0.0453579	0.0453178	0.0448632	0.0630337	0.071474
J333-plus	0.0543884	0.0479395	0.0462284	0.0465288	0.0467765	0.0460882	0.0471568	0.0479117	0.0410885	0.0422758	0.0419606	0.0420257	0.0469484	0.0460488	0.0458065	0.0431835	0.0421723	0.0462598	0.045952	0.0427271	0.0459373	0.0463641	0.0416586	0.0413907	0.0195696	0.0	0.0369127	0.0476311	0.0470922	0.0464505	0.0462383	0.0460209	0.0494498	0.0464256	0.041031	0.0480966	0.0460998	0.0468337	0.047016	0.0464306	0.0458637	0.0468691	0.0455855	0.0466441	0.0475329	0.0470787	0.046268	0.0609715	0.0476362	0.0466256	0.0465021	0.0458294	0.0476569	0.04623	0.045558	0.0460882	0.0472317	0.0473204	0.0480459	0.0472965	0.0431625	0.0434309	0.0464289	0.0463558	0.0403993	0.0416858	0.0442856	0.0428443	0.0456001	0.0477053	0.047411	0.0466323	0.0475759	0.0492264	0.0464522	0.0461261	0.0460176	0.0459471	0.0472436	0.0465421	0.0470397	0.0490693	0.0487931	0.291447	0.0473084	0.0459733	0.0453595	0.0469197	0.0383723	0.0391525	0.0389054	0.0470278	0.0456471	0.0449139	0.0415215	0.0427983	0.0458604	0.045014	0.04526	0.0467379	0.0418467	0.0464455	0.0454046	0.0459389	0.046639	0.047247	0.0469805	0.0461673	0.0395536	0.0399072	0.0417561	0.0409903	0.0450729	0.0469298	0.0476224	0.0634176	0.0928658	0.0593643	0.0505614	0.058949	0.194429	0.181253	0.329926	0.0497059	0.165969	0.171331	0.161932	0.345942	0.191469	0.150525	0.0692407	0.0458424	0.0457381	0.0463592	0.0460833	0.045453	0.0455014	0.0450809	0.0638001	0.0726072
J333a	0.0512677	0.0454352	0.0442142	0.0448743	0.0447652	0.0445088	0.0451463	0.0457853	0.0393086	0.0398991	0.0399397	0.0400129	0.0453547	0.0441676	0.043873	0.041142	0.0404241	0.0445857	0.0444979	0.0408799	0.0434703	0.0450729	0.0398612	0.039298	0.036799	0.0369127	0.0	0.0460603	0.0456747	0.0451208	0.044501	0.0438915	0.0471228	0.0447652	0.0393936	0.0458669	0.0444838	0.0452039	0.0453065	0.0447857	0.0441119	0.0451863	0.0435218	0.0446171	0.0458392	0.045432	0.0443791	0.0590499	0.0456195	0.0449917	0.0445888	0.0438056	0.0460521	0.0445935	0.0439607	0.0443838	0.0455515	0.0458522	0.0465505	0.0455289	0.0414418	0.0416214	0.0446863	0.0443838	0.0378989	0.0391353	0.041926	0.0411406	0.043933	0.046268	0.0448695	0.0449219	0.0451975	0.0467077	0.0441289	0.04403	0.0438869	0.0442375	0.0450236	0.0441754	0.0454433	0.0466307	0.0466073	0.282776	0.0455774	0.04418	0.043155	0.0455272	0.0362789	0.0368919	0.0367077	0.0455386	0.0437397	0.0432557	0.0391908	0.0408785	0.0438025	0.042956	0.0434097	0.0450984	0.0404406	0.0448505	0.0432331	0.0439761	0.0451224	0.0457593	0.0453419	0.0445167	0.0372094	0.0378433	0.0400006	0.0392278	0.043179	0.0445088	0.0450522	0.0599719	0.0885903	0.0558413	0.0482579	0.0560309	0.188735	0.175174	0.329926	0.046758	0.159538	0.164545	0.156939	0.343297	0.186997	0.145534	0.065294	0.0442111	0.0434021	0.0444681	0.0445402	0.0435446	0.0435644	0.0432346	0.059925	0.0685569
J334	0.0493389	0.0426369	0.0454497	0.0458882	0.046235	0.0404062	0.0420054	0.0495045	0.0467127	0.0478717	0.0474299	0.0475346	0.0468522	0.0456812	0.0399559	0.0482175	0.0469011	0.0475415	0.0413779	0.0473272	0.0411167	0.0482245	0.047305	0.0466524	0.0475708	0.0476311	0.0460603	0.0	0.0405799	0.0479082	0.0407198	0.0455321	0.0444869	0.0460406	0.0473033	0.049417	0.0408436	0.0415173	0.0465521	0.0473392	0.0468085	0.0414291	0.0403815	0.0475708	0.0486078	0.0467161	0.0473426	0.0627018	0.0469112	0.041038	0.0458473	0.0454159	0.0472709	0.0475243	0.0401598	0.04526	0.0412831	0.0414418	0.0492989	0.0466641	0.0473392	0.0474213	0.0456017	0.0459209	0.0474196	0.0489309	0.0487538	0.0476898	0.0464738	0.0473546	0.0422772	0.0463376	0.0473375	0.0445339	0.0472419	0.0470194	0.0470753	0.0457105	0.0469197	0.0473443	0.0467144	0.0438592	0.0436832	0.288921	0.0468371	0.0453595	0.0396875	0.0467681	0.0461212	0.0467262	0.046404	0.0468691	0.0399776	0.0494954	0.0459307	0.0477036	0.0402595	0.039591	0.0397561	0.0460833	0.0477572	0.0462598	0.0403019	0.0403732	0.0461656	0.0469264	0.0413383	0.0407351	0.0466976	0.0466022	0.0473785	0.0467748	0.0447462	0.0465321	0.047264	0.0588052	0.0886736	0.0542349	0.0455175	0.0542811	0.193932	0.177782	0.328965	0.0489004	0.165848	0.170293	0.163447	0.351719	0.190133	0.150784	0.0648844	0.0404062	0.0471568	0.0475381	0.0469754	0.0466926	0.0469619	0.0401066	0.0588554	0.0681038
