	FDK10	J294	J296	J298	J301	J303	J307	J310	J311	J315	J316	J317	J318	J319	J320	J321g	J322	J324	J326	J327	J328	J329	J330	J331	J333	J333-plus	J333a	J334	J335	J338	J339	J340	J341	J342	J343	J344	J345	J345-plus	J346	J347	J348	J349	J350	J351	J351-plus	J352	J353	J354	J355	J355b	J357	J358	J359	J360	J361	J362-young	J363	J363-plus	J364	J365	J366	J366-plus	J367	J367i	J368	J369	J370	J371	J372	J373	J374	J375	J375-rep1	J376	J379	J381	J383	J385	J387	J389	J392	J393	J395	J397	J398	J399	J400	J401	J402	J403	J404	J405	J406	J407	J408	J411	J412	J413	J414	J416	J417	J418	J419	J420	J421	J422	J423	J424	J427	J427a	J431	J432	M1c	M2a	M2b	NAL05	NBJ30	NCD30	NCR13	NDU10	NE10467	NE25923	NE25953	NE35955	NE35959	NE36811	NE37169	NE37647	NE4583	NE67754	NE90535	RA1006	TLC715	TLC720	TLC725	TLC726	TLC775	VMA18	VMG14	VWG14
FDK10	0.0	0.0444197	0.05126	0.0524939	0.0497923	0.0470888	0.0461195	0.0531179	0.0536502	0.0517833	0.052714	0.0520776	0.0535472	0.0511065	0.0459717	0.0530368	0.0533421	0.0535883	0.0481228	0.0529356	0.0466507	0.0543589	0.0521565	0.0524939	0.0533421	0.0541071	0.0513563	0.0494626	0.0489381	0.0541071	0.0469028	0.0498845	0.0470211	0.0519792	0.0528548	0.0515304	0.0473785	0.0475157	0.0533217	0.0542328	0.0529558	0.0480703	0.0451943	0.0527944	0.0551256	0.0531993	0.05103	0.0678547	0.0513949	0.0462185	0.0516469	0.050144	0.0523149	0.0529558	0.0463011	0.0502371	0.0485457	0.0489022	0.0562192	0.0537535	0.0537121	0.0539819	0.0511448	0.0492445	0.0503118	0.0520776	0.0529962	0.053465	0.0518029	0.0545914	0.0450029	0.0525139	0.0495538	0.0449711	0.0510874	0.0509918	0.0505181	0.0522158	0.0497739	0.0505935	0.0543589	0.045743	0.0450666	0.273629	0.05103	0.0510874	0.0440007	0.0529962	0.0506124	0.053057	0.0527944	0.0540653	0.0469703	0.0572566	0.051608	0.0538779	0.0470041	0.0445135	0.0450984	0.0521565	0.054128	0.0532196	0.0437397	0.0466675	0.0531993	0.0541071	0.048974	0.0471908	0.052714	0.0526539	0.0538987	0.0532196	0.0486522	0.046634	0.0470888	0.0512216	0.0745054	0.0497923	0.0453386	0.0515497	0.170926	0.152392	0.312952	0.0474985	0.144959	0.14791	0.140603	0.320287	0.167376	0.129334	0.0570057	0.0464173	0.0510682	0.0517053	0.0542538	0.0517053	0.0507447	0.044047	0.0528146	0.0577637
J294	0.0444197	0.0	0.0446548	0.0449234	0.0445606	0.0382824	0.041913	0.0480179	0.0463177	0.0455645	0.0465338	0.0467178	0.0468017	0.044295	0.0376104	0.0468859	0.0465672	0.0469197	0.0421301	0.0465505	0.0408911	0.047896	0.0460045	0.0454836	0.0465505	0.047619	0.0447336	0.0422029	0.0420576	0.0476018	0.0394721	0.043801	0.0399695	0.0447494	0.0468691	0.0460866	0.0382439	0.0395255	0.0471058	0.0469872	0.0457267	0.0393391	0.0379128	0.0469534	0.0485102	0.0458082	0.044987	0.0628192	0.0445135	0.0409749	0.04486	0.0439699	0.0453547	0.0460702	0.0388127	0.0438316	0.042702	0.0433598	0.0498476	0.0467513	0.0472589	0.0469028	0.0448126	0.043194	0.0450347	0.0475157	0.0471738	0.0470888	0.0448442	0.0477226	0.0378622	0.0455321	0.0441088	0.039579	0.0453386	0.0446548	0.0442639	0.0448284	0.0449711	0.0450984	0.0469872	0.0402144	0.039167	0.279978	0.0451623	0.04486	0.0364304	0.046235	0.0445449	0.0464838	0.0452744	0.0470041	0.0381162	0.0504805	0.0450666	0.047293	0.0380143	0.0367332	0.0371995	0.0456293	0.0473614	0.0464672	0.036782	0.0379635	0.0471568	0.0473785	0.0402417	0.0391011	0.0458245	0.0465839	0.0471738	0.0463509	0.0429396	0.0429694	0.0434809	0.05324	0.0781383	0.0487056	0.0418985	0.0491722	0.181843	0.164955	0.300994	0.045403	0.155166	0.151285	0.145727	0.339586	0.176252	0.1413	0.0576016	0.037623	0.045403	0.0461195	0.0477572	0.0454836	0.0455159	0.038878	0.0528146	0.0604895
J296	0.05126	0.0446548	0.0	0.0408074	0.0408771	0.0426133	0.0447021	0.0469534	0.0443885	0.0450347	0.0443417	0.0451144	0.0371995	0.0364304	0.0429247	0.0454352	0.0450188	0.0436786	0.0436634	0.0444197	0.0429098	0.0446391	0.0452584	0.0445606	0.044987	0.0456942	0.0434809	0.0445763	0.0441243	0.0444353	0.0438163	0.0362861	0.0464505	0.0399288	0.044592	0.0452424	0.0429694	0.0444197	0.0374603	0.0446863	0.0432843	0.0443729	0.0429247	0.0442794	0.0455483	0.0418697	0.0442328	0.0603394	0.0421011	0.0444509	0.0363582	0.0362981	0.0420576	0.0440007	0.043089	0.0402964	0.0444822	0.0447652	0.0462019	0.0367942	0.0446706	0.0449234	0.0409749	0.0403513	0.0444666	0.0455968	0.0462515	0.0452905	0.0427909	0.0389303	0.0442639	0.0373234	0.0381672	0.0466507	0.0432392	0.0426872	0.0435568	0.041045	0.0415401	0.0438469	0.0429247	0.0450188	0.0445763	0.279978	0.042702	0.0407935	0.0423196	0.040919	0.0432241	0.0440007	0.0437397	0.0420866	0.0428205	0.046384	0.0438163	0.044781	0.0427316	0.0422758	0.0426724	0.0411716	0.0449393	0.0415686	0.0423928	0.0423781	0.0414973	0.0426133	0.0443417	0.0428949	0.0447178	0.0436786	0.044295	0.0447494	0.0349726	0.036721	0.0379002	0.0600659	0.088731	0.0556244	0.047688	0.0559977	0.18918	0.181421	0.320287	0.0443417	0.161547	0.165549	0.158373	0.339586	0.185827	0.149777	0.0649098	0.043104	0.0437092	0.0439545	0.0443885	0.043119	0.0435112	0.0418985	0.0597698	0.0683172
J298	0.0524939	0.0449234	0.0408074	0.0	0.0356338	0.0437245	0.0453065	0.0486167	0.0457919	0.0458571	0.0455968	0.046235	0.0417403	0.0411998	0.0442639	0.0466173	0.0454191	0.0458735	0.0447968	0.0460045	0.043893	0.0458408	0.0468017	0.0457593	0.0458735	0.0460209	0.044592	0.0451144	0.0453065	0.0463509	0.0444197	0.0411012	0.047619	0.0348582	0.0456617	0.0465171	0.0441398	0.0456455	0.0417834	0.0451943	0.0446863	0.0447021	0.0440316	0.0457593	0.0467849	0.0368064	0.0448284	0.0606402	0.0377361	0.0449393	0.0407101	0.0411153	0.037249	0.0455483	0.0427909	0.0354117	0.0454352	0.0461525	0.0481228	0.0421301	0.0458408	0.0455968	0.0349382	0.0352492	0.045743	0.0473785	0.0473956	0.0463011	0.0442794	0.0433296	0.0453386	0.0416257	0.04288	0.0481228	0.0446863	0.0443573	0.04486	0.0368308	0.0374853	0.0455483	0.0384624	0.0468354	0.0456617	0.291447	0.0424661	0.040933	0.0434809	0.0344836	0.0446706	0.0452584	0.0438469	0.0352145	0.0434657	0.0479482	0.0445763	0.0461031	0.043496	0.0429396	0.0426872	0.0357042	0.0459881	0.0353303	0.0433749	0.0432843	0.0362981	0.0369287	0.0446077	0.0440934	0.0457756	0.0450666	0.0452905	0.0450188	0.0401871	0.0422174	0.0425838	0.062052	0.0914855	0.0574862	0.0492083	0.0576247	0.193331	0.188197	0.320287	0.0442794	0.164662	0.168956	0.163504	0.35328	0.188686	0.152617	0.0664415	0.0439545	0.044781	0.0454836	0.0452744	0.0450984	0.0448284	0.0423928	0.0628995	0.0699338
J301	0.0497923	0.0445606	0.0408771	0.0356338	0.0	0.0438316	0.0446706	0.0468186	0.044987	0.0441863	0.046268	0.0453386	0.0424661	0.041017	0.0439084	0.045678	0.0453547	0.0453547	0.0441553	0.0455968	0.043149	0.0457593	0.0456942	0.0454514	0.0451783	0.0458245	0.0440161	0.0454514	0.0454998	0.0454352	0.044047	0.0404612	0.0466173	0.0349612	0.0458408	0.0445135	0.0440934	0.0448917	0.0423928	0.0450825	0.0444509	0.0449393	0.0434657	0.0452424	0.0470888	0.0371501	0.0441553	0.0607663	0.036636	0.0447968	0.0412139	0.0405992	0.0367454	0.0453708	0.043572	0.0353885	0.0463343	0.0466675	0.0476362	0.0418553	0.0451304	0.0451463	0.0350071	0.0345175	0.0444197	0.0466006	0.0460045	0.0451943	0.044987	0.0425986	0.0439699	0.0414546	0.0414973	0.0465505	0.0438776	0.0429396	0.0437397	0.0358221	0.0358812	0.043104	0.0392993	0.0451623	0.0447336	0.279978	0.041913	0.040947	0.0421011	0.0356572	0.0443417	0.0446234	0.0444822	0.0363341	0.0435264	0.0473614	0.0443261	0.0462515	0.0432542	0.0427612	0.042776	0.0361545	0.0461689	0.0363221	0.0424074	0.043149	0.0364304	0.0370515	0.04486	0.0437856	0.0459225	0.0450825	0.0455968	0.0452424	0.0396325	0.0401053	0.0412421	0.0586096	0.0862983	0.0537535	0.0475329	0.0548895	0.185827	0.177011	0.328965	0.0424367	0.157362	0.158887	0.153298	0.328965	0.184461	0.146312	0.0625528	0.0435416	0.0433145	0.0447652	0.0451623	0.0434809	0.0438316	0.0420286	0.0593303	0.0659724
J303	0.0470888	0.0382824	0.0426133	0.0437245	0.0438316	0.0	0.0415971	0.0475673	0.0449552	0.0451783	0.0453708	0.045403	0.0439699	0.0433598	0.0370146	0.0455806	0.0445135	0.044781	0.0406131	0.0448759	0.0397534	0.0450188	0.0456617	0.0450825	0.0451943	0.0454998	0.0442483	0.0396728	0.039167	0.0455968	0.038398	0.043194	0.0411153	0.0433447	0.0454514	0.046235	0.0364424	0.0379889	0.0438469	0.0450984	0.0448442	0.0377235	0.0374479	0.044987	0.0459881	0.0434354	0.0447178	0.0606402	0.0454675	0.0401053	0.0434506	0.0432392	0.0446391	0.0444666	0.0365512	0.0428205	0.0400509	0.0402417	0.0470549	0.0438163	0.0446706	0.0444666	0.0434657	0.0435112	0.0451623	0.0471568	0.0471908	0.0452263	0.0441398	0.0450984	0.0382952	0.0441088	0.0453708	0.0411998	0.0443729	0.0434203	0.0446706	0.0440007	0.0447336	0.0453869	0.0450666	0.0398748	0.0398342	0.291447	0.0443417	0.043179	0.0358221	0.0436177	0.0443261	0.0440624	0.0440779	0.044781	0.0363943	0.0471738	0.0440007	0.0451783	0.0362861	0.0351798	0.0364666	0.0439545	0.0452584	0.0434354	0.0367942	0.0365512	0.0441553	0.0442483	0.0374229	0.0363582	0.0445292	0.0442794	0.0451463	0.0444041	0.0421738	0.0441863	0.0442794	0.057671	0.0875979	0.0526539	0.0436481	0.052976	0.193331	0.182269	0.328965	0.0463343	0.164662	0.165549	0.160733	0.372583	0.184461	0.151725	0.0632495	0.0363341	0.0442639	0.0444822	0.0456942	0.0444041	0.044295	0.0379889	0.0557996	0.0654516
J307	0.0461195	0.041913	0.0447021	0.0453065	0.0446706	0.0415971	0.0	0.0477399	0.0467513	0.0452744	0.0467178	0.0467849	0.0460537	0.0445763	0.0411716	0.0466507	0.0458571	0.0464838	0.0413269	0.0467681	0.0396728	0.0466675	0.045613	0.0467178	0.0460045	0.0468522	0.0449076	0.041683	0.0413411	0.0472248	0.0405163	0.0451623	0.0441863	0.0444979	0.0464672	0.0466507	0.0414831	0.043134	0.0453547	0.0456942	0.045613	0.0422466	0.0400101	0.0465005	0.0477919	0.0456617	0.0454352	0.0613264	0.0458735	0.0398883	0.0452744	0.0442639	0.0455806	0.0460702	0.041045	0.0447336	0.0407101	0.0407796	0.0481754	0.0459553	0.046634	0.0465839	0.0447178	0.0438163	0.0452424	0.0473101	0.0469365	0.0461854	0.0456455	0.0469365	0.041683	0.0455321	0.0458245	0.0439545	0.0454836	0.0449393	0.0451463	0.0453065	0.0444353	0.0449076	0.0463011	0.0421738	0.0421301	0.283502	0.0455159	0.0446077	0.0394988	0.0453708	0.0453547	0.0459225	0.0457919	0.0464505	0.0419274	0.0496637	0.0454675	0.0475329	0.040919	0.0393922	0.0400917	0.045743	0.0469365	0.0456293	0.0396459	0.0408353	0.045678	0.0471058	0.0420431	0.0413836	0.045743	0.0449393	0.046701	0.0459225	0.043164	0.0435416	0.0446706	0.0542958	0.0817892	0.0504618	0.0425543	0.0510682	0.185827	0.171602	0.320287	0.0464339	0.157865	0.164662	0.154928	0.328965	0.183134	0.147707	0.0579967	0.0412562	0.0455321	0.0461195	0.0469872	0.0459717	0.0451304	0.0382696	0.0551687	0.0619736
J310	0.0531179	0.0480179	0.0469534	0.0486167	0.0468186	0.0475673	0.0477399	0.0	0.0468859	0.046235	0.0464505	0.0464339	0.0488485	0.0474128	0.0477919	0.0467345	0.0468859	0.0478439	0.0480878	0.0466173	0.0464006	0.0478612	0.0461854	0.0460702	0.0468859	0.0479656	0.0450984	0.0484748	0.0487591	0.0485634	0.046701	0.0476018	0.0503118	0.0481053	0.0473956	0.0484394	0.0474128	0.0490639	0.048956	0.0485811	0.0474128	0.0483688	0.0470549	0.0487413	0.0503305	0.0486167	0.0472078	0.0633579	0.0483688	0.0481403	0.047619	0.0467681	0.048956	0.047293	0.0472589	0.0480878	0.0492083	0.049118	0.048974	0.049082	0.0472419	0.0474299	0.0483159	0.0475673	0.0459717	0.0482807	0.0469365	0.046701	0.0474814	0.0500882	0.047896	0.0483336	0.0485989	0.0500882	0.0478439	0.0463011	0.0464672	0.0473956	0.0481228	0.047276	0.0498107	0.0482807	0.0480179	0.283502	0.0480179	0.0468522	0.0458245	0.0487235	0.0454191	0.0465005	0.046701	0.0490459	0.0483688	0.0491722	0.0449076	0.0473101	0.0471738	0.0464173	0.0469197	0.0485811	0.0469703	0.0492083	0.0464672	0.0469197	0.0484218	0.0492445	0.0491	0.0472248	0.0467849	0.0465005	0.0467681	0.046136	0.0464505	0.0470549	0.0480703	0.0608928	0.0880063	0.0572795	0.0504993	0.0575092	0.184912	0.174048	0.320287	0.0494808	0.164662	0.16322	0.156865	0.328965	0.181843	0.14999	0.0656533	0.0465505	0.0454514	0.0470719	0.0484394	0.0461689	0.046384	0.0463011	0.0611472	0.0684727
J311	0.0536502	0.0463177	0.0443885	0.0457919	0.044987	0.0449552	0.0467513	0.0468859	0.0	0.0384753	0.0404888	0.0399695	0.0456617	0.0444041	0.0449711	0.0424661	0.0402827	0.0452424	0.0454675	0.0416686	0.0444041	0.045403	0.038527	0.0408631	0.0410731	0.0411434	0.0393258	0.0464173	0.0465505	0.0460045	0.0453226	0.0447336	0.0482105	0.0443729	0.0404888	0.0467345	0.0455806	0.0466006	0.0458735	0.0458245	0.0444509	0.0458735	0.0456942	0.0458082	0.0471398	0.0455968	0.0446234	0.0593303	0.0464339	0.0464339	0.0445606	0.0446077	0.0462515	0.0454352	0.0448126	0.0448126	0.0474814	0.0476018	0.0479656	0.0458571	0.0407101	0.0412562	0.0450347	0.0441707	0.0405992	0.0421301	0.0426281	0.0413836	0.0445292	0.0473443	0.0464672	0.0455159	0.0465005	0.0492989	0.0451144	0.0435872	0.0448917	0.0448284	0.045743	0.0455645	0.0460866	0.0475501	0.0468691	0.283502	0.0452584	0.0447652	0.0441088	0.0454836	0.0397803	0.0402144	0.0402007	0.0464672	0.0448284	0.0432994	0.0401598	0.0415258	0.0445292	0.0450506	0.044047	0.0453065	0.0407656	0.0456455	0.0439084	0.0447021	0.0455806	0.0465338	0.0464339	0.0448759	0.0406131	0.0402007	0.0399559	0.0389959	0.0437856	0.04486	0.0453869	0.0617393	0.0925608	0.0586572	0.0494261	0.0574632	0.191731	0.184014	0.328965	0.0473272	0.163791	0.167067	0.159146	0.339586	0.186292	0.15307	0.066471	0.0442639	0.0446548	0.0449076	0.0455645	0.0444666	0.0440934	0.043572	0.06298	0.0701612
J315	0.0517833	0.0455645	0.0450347	0.0458571	0.0441863	0.0451783	0.0452744	0.046235	0.0384753	0.0	0.0414546	0.0407796	0.0462019	0.0448126	0.0456942	0.0427316	0.0407101	0.0458082	0.0464339	0.0420141	0.0450666	0.045678	0.0388649	0.0411857	0.0419563	0.0425102	0.039286	0.0469365	0.0464339	0.045613	0.0447968	0.0445449	0.0468691	0.0454514	0.0413978	0.0454514	0.0458245	0.0472589	0.0462846	0.0456455	0.0446706	0.0469872	0.0448759	0.0456455	0.0473272	0.0463674	0.0442639	0.0598436	0.0465672	0.0462185	0.0452584	0.0449393	0.0460045	0.0455159	0.0449234	0.0453708	0.0474985	0.0479308	0.0477226	0.0460537	0.0415401	0.0416686	0.0454352	0.0441398	0.0406407	0.0424514	0.0427612	0.040905	0.0453869	0.0482983	0.0453547	0.046136	0.0464505	0.0477399	0.0454675	0.0435568	0.0446077	0.045743	0.0455645	0.0440161	0.0467681	0.0469197	0.0460045	0.279978	0.0458408	0.0451623	0.0438623	0.0467345	0.0399695	0.0414689	0.0411857	0.046701	0.0454836	0.0439391	0.0402827	0.0420866	0.0458571	0.0441243	0.0446077	0.0459062	0.0420866	0.0466507	0.0432994	0.0444041	0.0458898	0.0467513	0.0466675	0.0455968	0.0417977	0.0417116	0.0407935	0.0390616	0.0436481	0.0447652	0.0452263	0.0599669	0.0857608	0.0559757	0.0483336	0.0553632	0.185367	0.175506	0.306598	0.0471908	0.162098	0.161274	0.154223	0.320287	0.182269	0.147707	0.0636302	0.0444041	0.0439853	0.044781	0.0461689	0.0447178	0.0443105	0.0438623	0.0596717	0.0662649
J316	0.052714	0.0465338	0.0443417	0.0455968	0.046268	0.0453708	0.0467178	0.0464505	0.0404888	0.0414546	0.0	0.0402007	0.0451783	0.0450506	0.0451144	0.0420721	0.0414831	0.0457919	0.045678	0.0418841	0.0447968	0.0444979	0.041913	0.041017	0.0405716	0.0412986	0.0395656	0.0464006	0.0463177	0.0454514	0.0455968	0.0448284	0.0484748	0.0455483	0.039983	0.0461195	0.0453708	0.0467849	0.0457105	0.0452584	0.0448126	0.0464006	0.0454352	0.0455968	0.0471398	0.0464339	0.044295	0.0601403	0.0471398	0.0458082	0.0446863	0.0444509	0.0469365	0.0444041	0.044781	0.045678	0.0471228	0.0472589	0.047447	0.0459389	0.041769	0.0421301	0.0459225	0.0453065	0.0405439	0.0419707	0.0428354	0.0416114	0.0444509	0.0473614	0.0459553	0.0456942	0.0466842	0.0490459	0.0444666	0.0434051	0.0442639	0.0457593	0.0465171	0.0453708	0.0471228	0.0475501	0.0465505	0.287309	0.0457919	0.0450347	0.044047	0.0457105	0.0395656	0.0405301	0.0399153	0.0469365	0.0448917	0.0443573	0.0405578	0.0418697	0.0448442	0.0443261	0.0440007	0.0464672	0.0405163	0.0464173	0.0444197	0.0448442	0.0465505	0.0470041	0.0461031	0.0451144	0.040933	0.040365	0.0405301	0.0400917	0.0437092	0.0454352	0.0463177	0.0619997	0.0900581	0.0574632	0.0499399	0.0567792	0.185827	0.181843	0.328965	0.0481578	0.164662	0.166453	0.15863	0.339586	0.187713	0.151504	0.0655667	0.0446863	0.0444353	0.0451463	0.0451783	0.0437397	0.0448759	0.044047	0.0617912	0.0695472
J317	0.0520776	0.0467178	0.0451144	0.046235	0.0453386	0.045403	0.0467849	0.0464339	0.0399695	0.0407796	0.0402007	0.0	0.046268	0.0458408	0.04486	0.040905	0.0424367	0.0447336	0.0458735	0.0415686	0.0448442	0.0454191	0.0407656	0.0399288	0.0410731	0.0414404	0.0393524	0.0466675	0.0469365	0.0454836	0.0449711	0.0448917	0.0479134	0.0457593	0.0407517	0.0462846	0.0450347	0.0468354	0.0461525	0.0459225	0.0449393	0.0467849	0.0454191	0.0459062	0.0474814	0.046701	0.0451783	0.0604645	0.0465839	0.0461525	0.0450347	0.0448126	0.046701	0.04486	0.0455968	0.0456942	0.047619	0.0475501	0.0477572	0.0469197	0.0425838	0.0429993	0.0455159	0.0445135	0.0408771	0.0425691	0.0423196	0.0413836	0.0446234	0.0475845	0.046268	0.0457593	0.0460702	0.0480179	0.0448759	0.043755	0.0446234	0.0456942	0.0458245	0.0451144	0.0476362	0.0472248	0.0465505	0.291447	0.0465338	0.0457267	0.0436329	0.0466842	0.0405854	0.0414404	0.0412845	0.0474642	0.0449076	0.0443885	0.0398073	0.0419707	0.0453869	0.0446706	0.0444822	0.0466006	0.0395121	0.0461031	0.0442018	0.0444979	0.0461689	0.0472419	0.0470719	0.0455321	0.0413694	0.0413128	0.0390353	0.041045	0.04339	0.0442639	0.0451943	0.0604895	0.0873447	0.0559536	0.0481403	0.0567566	0.186292	0.179768	0.328965	0.0479482	0.162098	0.161822	0.156373	0.328965	0.182699	0.148319	0.0638771	0.0451623	0.0439545	0.0454675	0.0454675	0.0440934	0.0440161	0.0435872	0.0608928	0.0674888
J318	0.0535472	0.0468017	0.0371995	0.0417403	0.0424661	0.0439699	0.0460537	0.0488485	0.0456617	0.0462019	0.0451783	0.046268	0.0	0.0380779	0.044592	0.0472419	0.0461031	0.0449234	0.0453065	0.0456942	0.0443885	0.0452905	0.0464838	0.0457919	0.046136	0.0464505	0.0444666	0.0465839	0.0461689	0.0454836	0.0453386	0.0369287	0.0493897	0.0415258	0.046634	0.0467849	0.0442173	0.045678	0.0382056	0.0455806	0.0450188	0.0456617	0.0448284	0.0451623	0.0468186	0.0425543	0.0448442	0.0615839	0.0437245	0.0457105	0.0376732	0.0379128	0.043194	0.0445449	0.0440316	0.0420576	0.0464173	0.0466173	0.0479308	0.0382696	0.0460702	0.0458245	0.0426576	0.0423781	0.0460045	0.047038	0.0473443	0.0455806	0.043893	0.0397534	0.0464006	0.0382568	0.0402554	0.0494444	0.0455483	0.0436329	0.0450188	0.0425838	0.04339	0.0459389	0.0438623	0.0476362	0.0470888	0.291447	0.0437703	0.0423781	0.0432542	0.0418841	0.0451144	0.0452744	0.0448284	0.043164	0.0440624	0.0469703	0.0447968	0.0465005	0.0436024	0.043149	0.0438316	0.0425396	0.0464006	0.0415543	0.0442483	0.043755	0.0427612	0.0427909	0.0451304	0.0441088	0.0457267	0.0453547	0.0458082	0.0451623	0.0360591	0.0385658	0.0391142	0.0627658	0.0944978	0.058349	0.049082	0.0580903	0.192791	0.191731	0.328965	0.0469197	0.165549	0.168318	0.165251	0.35328	0.187713	0.155405	0.0679467	0.0442018	0.0449234	0.0453226	0.04486	0.0444353	0.0445135	0.0436634	0.063385	0.0709182
J319	0.0511065	0.044295	0.0364304	0.0411998	0.041017	0.0433598	0.0445763	0.0474128	0.0444041	0.0448126	0.0450506	0.0458408	0.0380779	0.0	0.0436939	0.0460209	0.0447336	0.0438776	0.0445135	0.0449234	0.04339	0.0454352	0.0449552	0.0445449	0.0449076	0.0456942	0.0439084	0.0452905	0.0449552	0.0449711	0.0439391	0.0361426	0.046634	0.0411153	0.044781	0.0455645	0.0436786	0.0450825	0.0376857	0.0452103	0.0436634	0.0451463	0.0433749	0.0450825	0.0464173	0.0416973	0.0436481	0.0601651	0.0419418	0.0443417	0.0370884	0.0371624	0.0421156	0.0446863	0.0437092	0.040947	0.0455645	0.0459881	0.0471228	0.0377739	0.0454352	0.0452744	0.0408631	0.0404199	0.044592	0.0459717	0.0457267	0.0454514	0.0432241	0.038891	0.0447652	0.0375854	0.0385528	0.047038	0.0436329	0.0428949	0.0433447	0.040724	0.041769	0.0439853	0.0427612	0.0453226	0.0452905	0.283502	0.0423196	0.0413128	0.0429993	0.0415543	0.0441398	0.0441707	0.044295	0.0424661	0.0438469	0.0471228	0.0438469	0.0457267	0.0433598	0.0418841	0.0422612	0.0414262	0.0453226	0.0419274	0.0427464	0.0428651	0.0421011	0.0435568	0.0440161	0.0436939	0.044987	0.0444822	0.0452424	0.0440779	0.0361068	0.0372738	0.0381544	0.0607663	0.0913182	0.0562192	0.0467849	0.0560419	0.188686	0.179768	0.339586	0.0449393	0.164079	0.16437	0.159669	0.339586	0.189679	0.148524	0.0650232	0.0434506	0.0432693	0.0444822	0.0445763	0.0433296	0.0439084	0.0422174	0.0589682	0.0681624
J320	0.0459717	0.0376104	0.0429247	0.0442639	0.0439084	0.0370146	0.0411716	0.0477919	0.0449711	0.0456942	0.0451144	0.04486	0.044592	0.0436939	0.0	0.0469197	0.0450347	0.0460373	0.0401734	0.0456942	0.0394455	0.0454514	0.0461689	0.0450506	0.0450984	0.0460373	0.0437092	0.0401325	0.0395924	0.0465338	0.0382311	0.0424661	0.0403787	0.0436024	0.0454352	0.0456455	0.0372738	0.0387996	0.0448126	0.0453708	0.0447494	0.0378117	0.0369777	0.0450347	0.0463177	0.0444822	0.0443885	0.0605146	0.044987	0.0394188	0.0430142	0.0427612	0.0451304	0.0453226	0.0374354	0.0432843	0.0400101	0.0398748	0.0473443	0.0439699	0.0460209	0.0459062	0.0437397	0.0434657	0.0443885	0.0464505	0.046701	0.045678	0.0439237	0.0455159	0.0380398	0.0440624	0.0448759	0.040475	0.044295	0.0441707	0.0440316	0.0434051	0.0440007	0.0449234	0.0449393	0.0389696	0.0391274	0.283502	0.044592	0.0432241	0.0364304	0.0441863	0.044295	0.0452744	0.0441398	0.0452103	0.0360591	0.047619	0.0441863	0.0454675	0.0364545	0.035893	0.0367089	0.0443573	0.0456942	0.0444353	0.0365391	0.0359878	0.0441553	0.0454514	0.0377991	0.0368674	0.0453547	0.0448759	0.0454514	0.0443417	0.0421592	0.0433145	0.0434809	0.0567115	0.0823648	0.0511832	0.0423635	0.0515692	0.189679	0.174048	0.328965	0.0459062	0.160465	0.160465	0.153528	0.339586	0.181421	0.148524	0.0607158	0.0366481	0.0446706	0.0455159	0.0457267	0.0447021	0.0447652	0.0381417	0.0553199	0.0625528
J321g	0.0530368	0.0468859	0.0454352	0.0466173	0.045678	0.0455806	0.0466507	0.0467345	0.0424661	0.0427316	0.0420721	0.040905	0.0472419	0.0460209	0.0469197	0.0	0.0427464	0.0454836	0.0459389	0.0415258	0.0450347	0.0459553	0.0424074	0.0405026	0.041769	0.0425543	0.0408771	0.047038	0.0464672	0.0463343	0.0464505	0.045743	0.04867	0.0458898	0.0413411	0.0465005	0.045613	0.0471058	0.0468186	0.0461854	0.0453547	0.0474642	0.0454514	0.0460045	0.0478439	0.0469534	0.0451943	0.0611217	0.0476018	0.0471398	0.0457267	0.0456942	0.0472419	0.0451783	0.0461195	0.0466675	0.047276	0.0478265	0.0480179	0.0465171	0.0425396	0.0428503	0.0464672	0.045613	0.040947	0.043149	0.0421883	0.0418409	0.0456293	0.0477226	0.0469365	0.0468522	0.0465505	0.0492445	0.0454836	0.0442018	0.0454352	0.0464838	0.0473785	0.0453065	0.0477572	0.0474642	0.0469872	0.279978	0.0463177	0.0467849	0.0446077	0.0468859	0.0409609	0.0417116	0.0416686	0.0478612	0.0455483	0.0436786	0.0397534	0.0420286	0.0452584	0.0445606	0.0445292	0.0465338	0.040933	0.047038	0.045403	0.0450029	0.0479656	0.0473272	0.0471398	0.0454352	0.0424808	0.0416686	0.0408353	0.0417403	0.0447652	0.0458082	0.0467681	0.0626858	0.088888	0.0575554	0.0497923	0.0578102	0.18918	0.180176	0.328965	0.0485457	0.162655	0.164079	0.161547	0.328965	0.184014	0.149356	0.0659724	0.0450347	0.0444979	0.0458245	0.0458082	0.0443573	0.0440624	0.0447021	0.0617393	0.0689429
J322	0.0533421	0.0465672	0.0450188	0.0454191	0.0453547	0.0445135	0.0458571	0.0468859	0.0402827	0.0407101	0.0414831	0.0424367	0.0461031	0.0447336	0.0450347	0.0427464	0.0	0.0450188	0.0455159	0.0415116	0.043801	0.0452103	0.0399153	0.0411857	0.0411716	0.0413978	0.0394721	0.0463011	0.0458408	0.0460209	0.0447336	0.04486	0.0481228	0.0444822	0.0413978	0.0464006	0.0449234	0.0465005	0.0459062	0.0452584	0.0444822	0.0458571	0.0450666	0.0457756	0.047276	0.0451783	0.0449234	0.0595983	0.0460045	0.0456617	0.0446548	0.0443417	0.0460045	0.0445763	0.0447021	0.0445606	0.046384	0.0470041	0.0470549	0.0447336	0.0405439	0.040947	0.0451623	0.0441553	0.0410731	0.0436024	0.0422466	0.0408911	0.0448759	0.0468186	0.0464173	0.0454514	0.0462019	0.0485634	0.0450029	0.0434354	0.0446706	0.0452424	0.0457593	0.0451783	0.0464505	0.0472078	0.0468354	0.295981	0.0461195	0.0448284	0.0449234	0.0456455	0.0408631	0.0411012	0.0408631	0.0459717	0.0453226	0.0427168	0.0397534	0.0421011	0.0450506	0.0446391	0.043755	0.0452263	0.0419274	0.0455806	0.0440934	0.0445763	0.045743	0.0470719	0.0460045	0.0451623	0.0413694	0.0412703	0.0413128	0.0394455	0.0432241	0.0450825	0.045743	0.0617652	0.0922182	0.0580903	0.0493716	0.0579967	0.186761	0.182699	0.328965	0.0473785	0.164079	0.167067	0.159407	0.35328	0.187235	0.152617	0.0667675	0.0445763	0.0440624	0.0444979	0.0448917	0.0436481	0.0444822	0.0436634	0.0620782	0.0699987
J324	0.0535883	0.0469197	0.0436786	0.0458735	0.0453547	0.044781	0.0464838	0.0478439	0.0452424	0.0458082	0.0457919	0.0447336	0.0449234	0.0438776	0.0460373	0.0454836	0.0450188	0.0	0.0459881	0.045403	0.0446548	0.038308	0.0459717	0.0450825	0.0451623	0.045403	0.0440007	0.0469872	0.0461854	0.0381544	0.0454352	0.0447336	0.0487235	0.0447021	0.0452424	0.0433447	0.0451463	0.0469365	0.0453869	0.0422174	0.041228	0.0459225	0.0454514	0.041913	0.04339	0.0460702	0.0408771	0.0611983	0.0463343	0.0460702	0.0445606	0.0445449	0.0460045	0.0376606	0.0448284	0.0448284	0.0469872	0.0469365	0.0399424	0.0452263	0.0454998	0.0457919	0.0449076	0.0453386	0.0449711	0.0471908	0.0468017	0.0452103	0.0408213	0.0463343	0.0458408	0.0445449	0.0459225	0.0494261	0.0410871	0.0399153	0.0408074	0.0455321	0.0464838	0.0413128	0.0460537	0.0472248	0.0471908	0.283502	0.0448442	0.0454998	0.0438469	0.0450666	0.0442639	0.04486	0.0443261	0.0466507	0.0449076	0.0477053	0.0438163	0.0456617	0.0452584	0.0443417	0.043572	0.0453386	0.0460866	0.0459881	0.0444979	0.0448759	0.046384	0.0469534	0.0463011	0.0448284	0.0450825	0.0451783	0.0447652	0.0447968	0.043104	0.0448284	0.0450666	0.0621569	0.09343	0.0588243	0.0494626	0.05795	0.191731	0.184014	0.328965	0.0477745	0.165549	0.170926	0.16437	0.35328	0.188686	0.151725	0.0669166	0.0448442	0.0377235	0.0385399	0.0383466	0.0374978	0.0377991	0.0435264	0.0628727	0.0703573
J326	0.0481228	0.0421301	0.0436634	0.0447968	0.0441553	0.0406131	0.0413269	0.0480878	0.0454675	0.0464339	0.045678	0.0458735	0.0453065	0.0445135	0.0401734	0.0459389	0.0455159	0.0459881	0.0	0.045613	0.0360353	0.045613	0.045678	0.0455806	0.0449076	0.0460045	0.0449393	0.0416114	0.041031	0.0466006	0.0385917	0.0436481	0.0432693	0.0444197	0.0457267	0.0468017	0.040365	0.0420576	0.0450347	0.0462846	0.0454191	0.04164	0.040947	0.0465005	0.0473785	0.0450506	0.0452424	0.0614034	0.0459881	0.0408353	0.0444041	0.0440161	0.0454352	0.0459881	0.0402007	0.0438316	0.0411857	0.041228	0.0487056	0.0450347	0.0460373	0.0460209	0.0448442	0.0437397	0.0452584	0.0478265	0.0467345	0.0452905	0.0446706	0.0465005	0.04164	0.0446863	0.0452263	0.0432241	0.0453869	0.0447968	0.0457919	0.0448284	0.0447336	0.0460045	0.0458245	0.0417116	0.0427612	0.279978	0.0452905	0.0439545	0.0397803	0.0450188	0.0443885	0.0451783	0.0443261	0.0454191	0.0405301	0.0477399	0.0439084	0.0457105	0.0403238	0.0392331	0.0394988	0.0449234	0.0458571	0.0450029	0.0399966	0.0396325	0.0455806	0.0457267	0.0414404	0.0405992	0.0456617	0.0452424	0.0454998	0.0448917	0.043164	0.0439237	0.0443573	0.0573942	0.0870931	0.0526138	0.0441398	0.0527944	0.192258	0.178173	0.328965	0.0459553	0.16437	0.162937	0.157865	0.339586	0.182699	0.149566	0.0608675	0.0397803	0.0453386	0.0455321	0.045743	0.0447178	0.0455645	0.0397265	0.0574632	0.0649382
J327	0.0529356	0.0465505	0.0444197	0.0460045	0.0455968	0.0448759	0.0467681	0.0466173	0.0416686	0.0420141	0.0418841	0.0415686	0.0456942	0.0449234	0.0456942	0.0415258	0.0415116	0.045403	0.045613	0.0	0.0443417	0.0453226	0.0422904	0.0392066	0.0418409	0.0425396	0.0404612	0.0469703	0.0463177	0.0456942	0.0452103	0.0446077	0.0486878	0.0453226	0.0415116	0.0468691	0.0451463	0.046384	0.0460373	0.0460045	0.0445292	0.046384	0.045743	0.0459389	0.0478265	0.046136	0.0460702	0.0609182	0.0470041	0.0456617	0.0446234	0.0444509	0.0456455	0.0447652	0.04486	0.0449234	0.0467345	0.0470211	0.0471738	0.0459062	0.0429098	0.0429247	0.0454191	0.0451463	0.0419418	0.0430441	0.041769	0.0406823	0.0443885	0.0471058	0.0462846	0.0457756	0.0459881	0.0484218	0.0455483	0.0440779	0.0450825	0.0452263	0.0455159	0.0450984	0.0473956	0.0466675	0.0469872	0.283502	0.0460702	0.0455159	0.0445606	0.0460373	0.0408353	0.041913	0.041003	0.0465338	0.0454514	0.0428205	0.0387345	0.0391274	0.0441243	0.0444041	0.0434809	0.0457267	0.0419418	0.046268	0.0449234	0.0447652	0.0456455	0.0464173	0.0458245	0.0453065	0.0420431	0.0408771	0.0416543	0.0413836	0.0439853	0.0449711	0.0458898	0.0618692	0.0903831	0.0568018	0.0499955	0.0569149	0.186292	0.181002	0.320287	0.0471568	0.163504	0.163504	0.160733	0.339586	0.187713	0.149146	0.0656533	0.0446077	0.044047	0.0446077	0.0453065	0.0439853	0.0448917	0.0443885	0.0607158	0.0695472
J328	0.0466507	0.0408911	0.0429098	0.043893	0.043149	0.0397534	0.0396728	0.0464006	0.0444041	0.0450666	0.0447968	0.0448442	0.0443885	0.04339	0.0394455	0.0450347	0.043801	0.0446548	0.0360353	0.0443417	0.0	0.044987	0.0444509	0.0441863	0.0445449	0.045613	0.043104	0.0406685	0.0398477	0.0453065	0.0377235	0.0421738	0.0423196	0.0433598	0.0443729	0.0456942	0.0398073	0.0414689	0.0443261	0.0452424	0.044047	0.041045	0.0396728	0.0448759	0.045678	0.0447968	0.0436786	0.0600659	0.0443729	0.0400237	0.043089	0.0426872	0.0440934	0.0451304	0.0395255	0.0439084	0.0406962	0.0408492	0.0476708	0.0439545	0.0446706	0.0444979	0.0435112	0.0428651	0.0438776	0.0456617	0.0454998	0.0440624	0.0435568	0.045403	0.0401598	0.0435568	0.0436177	0.0428949	0.0440161	0.0436024	0.0441707	0.04339	0.043755	0.0443885	0.0446391	0.040947	0.0408492	0.287309	0.0444197	0.043134	0.0381544	0.0440934	0.0437397	0.0441863	0.0432693	0.0453386	0.0394055	0.0463509	0.0426133	0.0443105	0.0390221	0.0378496	0.0382696	0.0441398	0.0445449	0.0440316	0.0385399	0.0390747	0.0442483	0.0451304	0.040724	0.0391934	0.0445763	0.043755	0.0447336	0.0439391	0.041726	0.0421592	0.0429545	0.0554936	0.0837258	0.0506124	0.043074	0.051337	0.188197	0.171263	0.320287	0.0445763	0.159933	0.161547	0.156129	0.35328	0.181421	0.148938	0.0591367	0.0387735	0.0438623	0.0444353	0.0449393	0.0434051	0.043572	0.0384237	0.0552766	0.0636576
J329	0.0543589	0.047896	0.0446391	0.0458408	0.0457593	0.0450188	0.0466675	0.0478612	0.045403	0.045678	0.0444979	0.0454191	0.0452905	0.0454352	0.0454514	0.0459553	0.0452103	0.038308	0.045613	0.0453226	0.044987	0.0	0.0459717	0.0447178	0.0451144	0.0458408	0.0442794	0.0471058	0.0465505	0.0373358	0.0460866	0.0451943	0.0492808	0.0449552	0.045678	0.0441707	0.0452263	0.0464173	0.0452103	0.0425249	0.041913	0.0465505	0.0459389	0.0422758	0.0436177	0.0461689	0.041769	0.0610198	0.0468522	0.0465672	0.0445763	0.0447968	0.0462019	0.0381289	0.045403	0.0450984	0.0466675	0.047038	0.0406407	0.0459717	0.0447178	0.0452584	0.0455968	0.0455321	0.0461195	0.0469197	0.0468354	0.0449076	0.0412139	0.0467345	0.047038	0.0453708	0.0465005	0.0504242	0.0414404	0.0405854	0.0414404	0.0452584	0.0464672	0.0428354	0.0462846	0.0488127	0.0477572	0.283502	0.0458245	0.0452584	0.0444666	0.0452424	0.0445292	0.0449234	0.0438316	0.0464505	0.0451943	0.0467681	0.043074	0.0453869	0.0451623	0.0444666	0.0442018	0.0460866	0.0456942	0.0461031	0.0451783	0.0448917	0.0458408	0.0468354	0.0464339	0.0448284	0.0455321	0.0448759	0.0449393	0.0444041	0.0435264	0.0454191	0.0466507	0.0632225	0.0933131	0.0589922	0.0500882	0.0584909	0.188686	0.186761	0.328965	0.04867	0.167688	0.172288	0.165848	0.35328	0.18918	0.154928	0.0677629	0.0450506	0.0364545	0.0371624	0.0381672	0.0371748	0.0363582	0.0444666	0.0632495	0.0712185
J330	0.0521565	0.0460045	0.0452584	0.0468017	0.0456942	0.0456617	0.045613	0.0461854	0.038527	0.0388649	0.041913	0.0407656	0.0464838	0.0449552	0.0461689	0.0424074	0.0399153	0.0459717	0.045678	0.0422904	0.0444509	0.0459717	0.0	0.0417116	0.0415258	0.0418985	0.03974	0.0473101	0.0464006	0.0466675	0.0454352	0.0444509	0.0486344	0.0450506	0.041031	0.0457593	0.0455645	0.0468522	0.0457267	0.0458735	0.0451463	0.046136	0.045613	0.0458245	0.0471058	0.0464339	0.0448126	0.0604645	0.0466675	0.0463343	0.0447652	0.0443573	0.0459225	0.0456455	0.0453869	0.0455968	0.0476535	0.0480005	0.0477226	0.0459553	0.0418121	0.0423196	0.0458898	0.0447494	0.0406962	0.0416686	0.0427909	0.04164	0.0447494	0.0473956	0.0458245	0.0459881	0.0459717	0.0487235	0.0451783	0.0442639	0.0445292	0.0460045	0.045613	0.0445763	0.0464672	0.0473443	0.0473443	0.283502	0.0461689	0.0450666	0.0444666	0.0461689	0.0399424	0.0412421	0.0405716	0.0470041	0.0454836	0.0439391	0.0398612	0.0424074	0.0456293	0.0447178	0.0440624	0.0454352	0.0415686	0.0466842	0.0444041	0.0441863	0.0460702	0.0470211	0.0464505	0.0457756	0.0416114	0.0411293	0.0411293	0.0378875	0.0435568	0.0441553	0.0453065	0.0610707	0.0870931	0.0573712	0.049082	0.0561083	0.188686	0.180587	0.320287	0.0468354	0.161274	0.163791	0.156373	0.35328	0.181002	0.150203	0.0651655	0.0445135	0.0442639	0.0460866	0.045613	0.0449552	0.0445135	0.0433749	0.060969	0.0682243
J331	0.0524939	0.0454836	0.0445606	0.0457593	0.0454514	0.0450825	0.0467178	0.0460702	0.0408631	0.0411857	0.041017	0.0399288	0.0457919	0.0445449	0.0450506	0.0405026	0.0411857	0.0450825	0.0455806	0.0392066	0.0441863	0.0447178	0.0417116	0.0	0.0405301	0.0407656	0.0396459	0.0462846	0.0459062	0.0454352	0.0453708	0.044295	0.0480529	0.0445449	0.0392066	0.045613	0.0446234	0.0455806	0.0460373	0.0448126	0.0440316	0.0460537	0.0444509	0.0450984	0.046634	0.0455806	0.0442018	0.0600659	0.046268	0.0458898	0.0443573	0.0437856	0.0461525	0.0448284	0.0449711	0.0449552	0.0468859	0.0469534	0.0477053	0.0454191	0.0422904	0.0422904	0.0452905	0.0448126	0.0406546	0.042305	0.0421156	0.0410591	0.0443105	0.046268	0.0458082	0.0452905	0.0457919	0.0484218	0.0444666	0.0435872	0.0444353	0.0451943	0.0457267	0.0445763	0.0468691	0.0469197	0.046634	0.287309	0.0458082	0.0448284	0.0443261	0.0459062	0.0391538	0.040269	0.0396862	0.0465505	0.0442483	0.0428503	0.0385399	0.0393258	0.0444979	0.0438316	0.04339	0.0453547	0.0411012	0.0465338	0.0437703	0.0441553	0.046136	0.0469534	0.046384	0.0451783	0.0400781	0.0395389	0.0401461	0.0400101	0.0439084	0.0450506	0.0453708	0.0615322	0.0896287	0.0572108	0.0490099	0.0573253	0.18918	0.181421	0.339586	0.047619	0.163791	0.16437	0.161003	0.339586	0.189679	0.152617	0.0652797	0.0439084	0.0442173	0.0446548	0.0447336	0.0438163	0.0448759	0.0440316	0.0611983	0.0686914
J333	0.0533421	0.0465505	0.044987	0.0458735	0.0451783	0.0451943	0.0460045	0.0468859	0.0410731	0.0419563	0.0405716	0.0410731	0.046136	0.0449076	0.0450984	0.041769	0.0411716	0.0451623	0.0449076	0.0418409	0.0445449	0.0451144	0.0415258	0.0405301	0.0	0.0188426	0.0357867	0.0460537	0.046136	0.0459553	0.0450029	0.0449076	0.0489381	0.044592	0.0399966	0.0468859	0.0442483	0.0460045	0.0459553	0.0455645	0.0442328	0.0460537	0.0448284	0.0460045	0.0473101	0.0456293	0.0449393	0.0609944	0.0466507	0.0465338	0.0454352	0.0444666	0.0461195	0.0452424	0.0451623	0.0453547	0.0464838	0.0467681	0.0469197	0.0458898	0.0415401	0.0421883	0.0454352	0.044781	0.0388388	0.0406269	0.0432241	0.0417547	0.0450984	0.0467849	0.0467345	0.0452744	0.0461195	0.0492264	0.0451144	0.0437245	0.0458571	0.0450825	0.0471398	0.0452584	0.0462846	0.0469534	0.047038	0.291447	0.0459881	0.0455321	0.0446548	0.0454191	0.0378243	0.0385658	0.0382183	0.0465338	0.0449234	0.0438776	0.0405026	0.0422758	0.0447336	0.0441243	0.0435112	0.0455159	0.0413411	0.0465338	0.0444509	0.0444041	0.0453386	0.047038	0.0458082	0.0444979	0.0384753	0.039286	0.040947	0.0401598	0.043572	0.0452263	0.0459553	0.0625263	0.0910963	0.0583726	0.0498845	0.0574401	0.192791	0.189679	0.328965	0.0475845	0.165848	0.169279	0.160465	0.339586	0.188686	0.151504	0.0667972	0.0441553	0.0446391	0.0450984	0.0452744	0.0444353	0.0443417	0.0433296	0.0614292	0.0701287
J333-plus	0.0541071	0.047619	0.0456942	0.0460209	0.0458245	0.0454998	0.0468522	0.0479656	0.0411434	0.0425102	0.0412986	0.0414404	0.0464505	0.0456942	0.0460373	0.0425543	0.0413978	0.045403	0.0460045	0.0425396	0.045613	0.0458408	0.0418985	0.0407656	0.0188426	0.0	0.0367089	0.0469872	0.0468522	0.0462515	0.0456455	0.0456942	0.0494261	0.0454675	0.0403513	0.0479831	0.0449076	0.0466675	0.0464672	0.0464339	0.0453226	0.0464672	0.0453708	0.046634	0.047688	0.0462019	0.0454836	0.0615322	0.0474985	0.0467513	0.0458571	0.0451943	0.0468691	0.0454675	0.0459062	0.0460866	0.0469872	0.0469534	0.0477226	0.0463509	0.042232	0.0426872	0.0462515	0.0455645	0.0396459	0.041412	0.0438316	0.0420576	0.0452905	0.0468859	0.0472078	0.0458735	0.0470211	0.0498661	0.0454836	0.0444041	0.0461525	0.0457593	0.0475673	0.0464339	0.047038	0.0480005	0.0475845	0.287309	0.0467681	0.0459881	0.0450666	0.046136	0.0387605	0.0390484	0.0387735	0.0471398	0.0451943	0.044592	0.041003	0.0423635	0.0448442	0.0446234	0.0443729	0.0458735	0.0418841	0.0468522	0.0450825	0.0447494	0.0459062	0.0476362	0.0463343	0.0447178	0.0392595	0.0395255	0.0412986	0.040905	0.0440007	0.0460702	0.0466507	0.0638496	0.09343	0.0591367	0.0504993	0.0581842	0.194429	0.191209	0.328965	0.048974	0.169279	0.170592	0.161822	0.35328	0.192791	0.153758	0.067916	0.044987	0.0452744	0.0457593	0.0462019	0.0450188	0.0449711	0.0438163	0.0623939	0.0710848
J333a	0.0513563	0.0447336	0.0434809	0.044592	0.0440161	0.0442483	0.0449076	0.0450984	0.0393258	0.039286	0.0395656	0.0393524	0.0444666	0.0439084	0.0437092	0.0408771	0.0394721	0.0440007	0.0449393	0.0404612	0.043104	0.0442794	0.03974	0.0396459	0.0357867	0.0367089	0.0	0.0457919	0.0451783	0.0447968	0.0447336	0.0429694	0.0463674	0.0440779	0.0389696	0.0452744	0.043572	0.0453869	0.0446234	0.0443417	0.0436786	0.0449234	0.0436634	0.0440779	0.0454836	0.0450666	0.0436177	0.0586811	0.0450825	0.0451144	0.0436786	0.0432994	0.0453869	0.0442173	0.0436939	0.0440934	0.0454191	0.0459553	0.0460373	0.0447968	0.0405716	0.0407935	0.0447178	0.0435568	0.037249	0.0385399	0.0413411	0.0403101	0.0438623	0.0457593	0.044987	0.0439545	0.0445135	0.0468017	0.0432693	0.0418409	0.0437092	0.0442639	0.0448442	0.0429993	0.0455159	0.0456617	0.0455159	0.287309	0.0451623	0.043801	0.0429396	0.0446391	0.0364786	0.0366603	0.0363341	0.0457267	0.0439237	0.0428503	0.0389828	0.0406962	0.0432392	0.0426133	0.043074	0.0450506	0.0401871	0.0448284	0.0427464	0.0427464	0.0453386	0.0454514	0.04486	0.0439545	0.0375854	0.0379382	0.0395522	0.0386695	0.0419997	0.0436939	0.0435112	0.0607158	0.088731	0.0555371	0.0484218	0.0553199	0.185827	0.179364	0.339586	0.046268	0.159407	0.162098	0.156865	0.328965	0.18918	0.148938	0.0637124	0.0432693	0.0429993	0.0439853	0.0438163	0.043089	0.0429993	0.0426281	0.0604394	0.0673071
J334	0.0494626	0.0422029	0.0445763	0.0451144	0.0454514	0.0396728	0.041683	0.0484748	0.0464173	0.0469365	0.0464006	0.0466675	0.0465839	0.0452905	0.0401325	0.047038	0.0463011	0.0469872	0.0416114	0.0469703	0.0406685	0.0471058	0.0473101	0.0462846	0.0460537	0.0469872	0.0457919	0.0	0.040228	0.0477919	0.0401734	0.04486	0.0451623	0.04486	0.0462019	0.0483688	0.0395389	0.0417116	0.0459225	0.0465672	0.0458082	0.041726	0.0404199	0.0471738	0.0480878	0.0458898	0.0459225	0.0620259	0.0466842	0.0408631	0.0456942	0.0446863	0.0464838	0.046701	0.0395121	0.0449552	0.0408771	0.0408492	0.0495173	0.0456617	0.0468859	0.0463674	0.0454514	0.0451943	0.0466173	0.0484218	0.0484748	0.0472248	0.0458082	0.0466173	0.0421156	0.0459717	0.0475329	0.0440779	0.0462185	0.0458082	0.0465505	0.0458408	0.047276	0.0474814	0.0469197	0.0428057	0.0421738	0.283502	0.0461854	0.0449393	0.0394322	0.0460702	0.0463177	0.046235	0.0457593	0.0467178	0.0395121	0.0492083	0.0457756	0.0465839	0.0398612	0.0390484	0.0387996	0.0455483	0.0474985	0.0455968	0.0400509	0.0398208	0.0459717	0.0466675	0.0407796	0.0402417	0.0462019	0.0456942	0.0464339	0.0459881	0.044295	0.0455321	0.0464173	0.0587049	0.0878016	0.0550181	0.0455483	0.0544644	0.191731	0.180176	0.320287	0.0484925	0.166453	0.168318	0.162098	0.372583	0.186761	0.155405	0.0635756	0.0398342	0.0464838	0.0466006	0.0472589	0.0455483	0.046634	0.0393258	0.0585147	0.0674888
