	FDK10	J294	J296	J298	J301	J303	J307	J310	J311	J315	J316	J317	J318	J319	J320	J321g	J322	J324	J326	J327	J328	J329	J330	J331	J333	J333-plus	J333a	J334	J335	J338	J339	J340	J341	J342	J343	J344	J345	J345-plus	J346	J347	J348	J349	J350	J351	J351-plus	J352	J353	J355	J355b	J357	J358	J359	J360	J361	J362-young	J363	J363-plus	J364	J365	J366	J366-plus	J367	J367i	J368	J369	J370	J371	J372	J373	J374	J375	J375-rep1	J376	J379	J381	J383	J385	J387	J389	J392	J393	J395	J398	J399	J400	J401	J402	J403	J404	J405	J406	J407	J408	J411	J412	J413	J414	J416	J417	J418	J419	J420	J421	J422	J423	J424	J427	J427a	J431	J432	M1c	M2a	M2b	NCR13	NDU10	NE35955	RA1006	TLC715	TLC720	TLC725	TLC726	TLC775	VMA18
FDK10	0	1.10338	1.14998	1.14233	1.1514	1.09876	1.08634	1.14067	1.15178	1.15882	1.15675	1.13047	1.13519	1.14389	1.09327	1.16457	1.14657	1.14493	1.11449	1.16222	1.11848	1.12922	1.1687	1.17639	1.15406	1.15192	1.15568	1.07821	1.0777	1.15675	1.07598	1.14317	1.10307	1.15257	1.16791	1.17853	1.07871	1.08075	1.13729	1.15301	1.1571	1.09633	1.07885	1.15606	1.151	1.13694	1.15779	1.11474	1.02807	1.12955	1.1429	1.16159	1.15284	1.07959	1.15282	1.06881	1.06824	1.13894	1.137	1.15233	1.15459	1.15157	1.15256	1.1519	1.16039	1.14103	1.15126	1.14781	1.14446	1.09148	1.15215	1.17595	1.11253	1.16455	1.15859	1.14656	1.16566	1.16667	1.16418	1.15218	1.10953	1.08825	1.1565	1.15763	1.08871	1.15413	1.15896	1.14755	1.14293	1.15396	1.09339	1.15621	1.16711	1.1716	1.09514	1.09233	1.09563	1.1585	1.11939	1.15686	1.09548	1.09395	1.15177	1.15774	1.08604	1.09167	1.14435	1.1543	1.15935	1.14632	1.10816	1.11964	1.12516	1.12852	1.10536	1.19577	1.08552	1.16237	1.15189	1.15704	1.14732	1.15352	1.07241
J294	1.10338	0	1.08694	1.08683	1.08606	0.99479	1.0754	1.09167	1.08823	1.11936	1.09982	1.13461	1.07273	1.07816	1.0001	1.11788	1.08871	1.09094	1.04348	1.10102	1.07184	1.10469	1.12182	1.12187	1.09034	1.0858	1.13271	1.02291	1.01	1.10106	1.0407	1.08088	1.02435	1.08362	1.11213	1.12291	1.00786	1.0156	1.08757	1.09487	1.09548	1.02843	1.01542	1.0932	1.08434	1.09212	1.11667	1.11059	1.03785	1.0942	1.08028	1.10727	1.10725	0.995717	1.09423	1.02285	1.0204	1.11574	1.0725	1.08692	1.09137	1.08174	1.09301	1.10803	1.09898	1.11006	1.10166	1.09724	1.08478	1.02851	1.09866	1.13148	1.04348	1.10991	1.10441	1.11021	1.0969	1.12396	1.12315	1.09551	1.03454	1.0467	1.1043	1.09899	1.0036	1.08614	1.09506	1.09184	1.0896	1.0962	0.986191	1.0884	1.11054	1.11384	0.992329	1.02232	0.997965	1.09243	1.13048	1.11091	1.01692	1.00601	1.08346	1.0893	0.992903	0.987412	1.08136	1.0805	1.10832	1.09919	1.10515	1.12681	1.13166	1.07858	1.1072	1.15205	0.984354	1.11601	1.103	1.10395	1.1018	1.10129	1.0339
J296	1.14998	1.08694	0	0.999289	1.01754	1.02022	1.09827	1.07271	1.02002	1.0867	1.04466	1.08545	0.929802	0.940578	1.02697	1.0695	1.03374	1.01496	1.01925	1.05737	1.04626	1.04028	1.06787	1.0717	1.03683	1.02854	1.09164	1.03321	1.01	1.03256	1.07352	0.94279	1.10267	0.985617	1.05276	1.06848	1.04065	1.05696	0.951684	1.03358	1.03582	1.06384	1.06551	1.0353	1.02417	1.00367	1.07545	1.03931	1.05599	0.959982	0.942366	1.01929	1.05039	1.02227	1.00377	1.01295	1.00807	1.05529	0.918416	1.02084	1.02485	1.00057	1.02583	1.08371	1.05985	1.07162	1.05089	1.04268	0.943	1.08988	0.966243	1.01936	1.1136	1.05602	1.05548	1.06712	1.01407	1.05761	1.08218	1.00362	1.10033	1.09949	1.0326	1.01737	1.06092	0.99234	1.0496	1.03955	1.0396	1.00725	1.00559	1.01971	1.05536	1.06138	1.01885	1.07178	1.03321	0.989786	1.07709	1.02566	1.07374	1.02904	0.980341	0.982791	1.00039	1.00547	1.03562	1.03748	1.04224	1.03634	0.974292	1.01489	1.0236	1.10339	1.15814	1.08969	1.0455	1.0565	1.04535	1.03415	1.04415	1.04496	1.05135
J298	1.14233	1.08683	0.999289	0	0.929044	1.02191	1.09379	1.07901	1.01598	1.0685	1.04175	1.06718	0.974563	0.984731	1.03449	1.04854	1.02725	1.02157	1.01154	1.04505	1.03689	1.02402	1.04457	1.04407	1.02993	1.01993	1.06468	1.03096	1.00703	1.00745	1.05362	0.991749	1.0892	0.910489	1.02904	1.05632	1.0184	1.0374	0.975728	1.01641	1.02523	1.0412	1.04532	1.01571	1.00341	0.91519	1.06013	0.964161	1.04146	0.990795	0.989155	0.961849	1.02835	1.01779	0.929576	0.998123	0.992567	1.044	0.970733	1.01519	1.01784	0.915504	0.949409	1.06584	1.06229	1.06425	1.03012	1.01758	0.961157	1.07769	0.980084	1.03289	1.11004	1.04326	1.04763	1.05267	0.943184	0.974451	1.06699	0.91945	1.08828	1.08575	1.00761	0.987813	1.05176	0.896717	1.04395	1.02088	1.02058	0.901862	1.01177	1.01309	1.0307	1.03569	1.02336	1.05861	1.02981	0.932432	1.04886	0.925314	1.03943	1.00493	0.917332	0.918025	0.999927	1.00401	1.0307	1.02528	1.01824	1.00487	1.006	1.04796	1.0574	1.12477	1.14567	1.06692	1.04454	1.03518	1.03757	1.01188	1.02204	1.04015	1.01089
J301	1.1514	1.08606	1.01754	0.929044	0	1.02535	1.10832	1.08606	1.03288	1.09459	1.05898	1.09457	0.982777	0.997685	1.04915	1.08561	1.04103	1.04549	1.02157	1.06111	1.04887	1.05635	1.08431	1.08487	1.02826	1.02081	1.10148	1.03339	1.00192	1.04787	1.08524	0.993661	1.10806	0.920946	1.07276	1.08205	1.05527	1.06936	1.01555	1.0522	1.05612	1.07251	1.07893	1.04093	1.03071	0.958329	1.08916	0.985036	1.06847	1.01499	1.00111	0.978461	1.06683	1.0268	0.939599	1.04126	1.03689	1.07367	0.984426	1.03052	1.03561	0.912962	0.941246	1.08969	1.05814	1.08495	1.06615	1.05796	1.00358	1.10307	1.02547	1.06964	1.12361	1.06172	1.0616	1.07661	0.976407	1.00745	1.09145	0.974572	1.10607	1.10967	1.04124	1.02338	1.05071	0.909025	1.05023	1.05219	1.05335	0.947944	1.0141	1.02699	1.07323	1.082	1.02296	1.08317	1.04528	0.939219	1.0867	0.97081	1.07967	1.05192	0.930262	0.939395	1.0259	1.02774	1.0365	1.03253	1.06376	1.05476	1.03222	1.06157	1.0691	1.13114	1.16118	1.09287	1.03781	1.07573	1.04813	1.04961	1.06003	1.04583	1.05907
J303	1.09876	0.99479	1.02022	1.02191	1.02535	0	1.03828	1.03482	0.993226	1.09106	1.02977	1.07867	0.977832	1.00491	0.929474	1.06724	1.00991	1.01448	0.951638	1.03574	0.993769	1.04641	1.06136	1.06114	1.00108	0.99096	1.09027	0.945194	0.90363	1.02991	1.00402	1.01007	1.01297	1.00229	1.04681	1.06094	0.94663	0.964229	1.02649	1.04103	1.04011	0.981837	0.975567	1.02258	1.01083	1.02578	1.06943	1.06075	0.984131	1.03366	1.00852	1.03134	1.05152	0.903297	1.01467	0.948644	0.944537	1.05904	0.984574	0.999779	1.00454	1.00958	1.03721	1.07859	1.03293	1.07443	1.05653	1.03634	1.00362	0.990616	1.03183	1.07758	1.02611	1.05605	1.04547	1.06565	1.05034	1.07434	1.07654	1.01993	1.00729	1.0089	1.04712	1.03008	0.941856	0.983231	1.02106	1.0242	1.02518	1.0145	0.888958	0.981172	1.0483	1.04702	0.880687	0.970866	0.910555	0.99548	1.06556	1.0468	0.968071	0.940807	0.986582	0.992124	0.905202	0.900447	1.01563	1.00414	1.04107	1.03667	1.04454	1.07815	1.08721	1.05549	1.10697	1.10159	0.921822	1.05952	1.03854	1.03934	1.05375	1.037	0.977244
J307	1.08634	1.0754	1.09827	1.09379	1.10832	1.03828	0	1.10594	1.10084	1.11198	1.11299	1.09805	1.08362	1.09669	1.04051	1.11989	1.09655	1.08953	1.05445	1.11639	1.07666	1.06037	1.12786	1.13112	1.08489	1.08186	1.10275	1.024	1.01863	1.1102	1.02675	1.09686	1.0737	1.09111	1.11944	1.13737	1.03926	1.04662	1.09502	1.10745	1.11432	1.05109	1.04118	1.10821	1.09923	1.08196	1.10658	1.08809	1.0005	1.06007	1.09125	1.11726	1.11113	1.03413	1.10737	1.01001	1.00734	1.06271	1.08641	1.09582	1.10029	1.10344	1.11607	1.1236	1.1168	1.09915	1.10552	1.09298	1.09193	1.05733	1.10832	1.14226	1.0894	1.12316	1.11312	1.11291	1.09754	1.1311	1.12618	1.10069	1.07078	1.06646	1.10943	1.10894	1.06091	1.10038	1.11213	1.08998	1.09022	1.09202	1.04278	1.10071	1.11917	1.12349	1.03393	0.998365	1.04989	1.09379	1.07858	1.11041	1.05343	1.05218	1.08832	1.09347	1.02431	1.03032	1.09421	1.10034	1.11254	1.10152	1.07678	1.10055	1.10883	1.08376	1.09982	1.16149	1.04456	1.12873	1.11611	1.11235	1.10787	1.11525	1.02853
J310	1.14067	1.09167	1.07271	1.07901	1.08606	1.03482	1.10594	0	1.03669	1.10937	1.05609	1.10308	1.04713	1.06172	1.04953	1.08877	1.04661	1.05657	1.05458	1.05873	1.08422	1.08126	1.09417	1.08267	1.05475	1.04848	1.11416	1.05233	1.02601	1.07346	1.08108	1.07008	1.10471	1.07148	1.07338	1.10473	1.06231	1.06846	1.08364	1.08059	1.0785	1.08595	1.07697	1.07613	1.0663	1.08401	1.10204	1.11054	1.07103	1.08626	1.07222	1.09012	1.07121	1.03828	1.07387	1.04774	1.04587	1.08912	1.04996	1.05162	1.05574	1.07615	1.09541	1.09959	1.0697	1.08574	1.08056	1.08162	1.07278	1.08997	1.08959	1.12498	1.10972	1.0929	1.088	1.10032	1.10299	1.12236	1.11109	1.08329	1.09965	1.09183	1.09732	1.09082	1.05878	1.06446	1.06082	1.06716	1.06252	1.08398	1.03838	1.03605	1.08036	1.06333	1.03186	1.09077	1.04215	1.07308	1.09917	1.10226	1.0831	1.06591	1.06095	1.06655	1.03882	1.03599	1.05164	1.04811	1.0715	1.0675	1.10034	1.12708	1.13327	1.11598	1.14451	1.14871	1.03966	1.09209	1.07389	1.07821	1.08016	1.07117	1.07182
J311	1.15178	1.08823	1.02002	1.01598	1.03288	0.993226	1.10084	1.03669	0	1.0074	0.973223	1.01773	0.983859	1.00434	1.02526	1.00993	0.950364	0.999774	0.991254	0.984466	1.02552	1.02654	0.975779	1.00558	0.945668	0.934986	1.02903	1.02055	0.979734	1.01019	1.07071	1.01283	1.1048	1.00549	0.98385	1.0499	1.03749	1.05478	1.02208	1.02397	1.02421	1.06089	1.06707	1.02226	1.00966	1.02416	1.07282	1.06083	1.05151	1.03044	1.00975	1.03511	1.0375	1.00466	1.0149	1.01524	1.00984	1.04538	0.985507	0.949137	0.954828	1.01385	1.04113	1.0299	0.994999	1.02023	0.995927	1.03669	1.00613	1.09133	1.02786	1.07382	1.11688	1.04751	1.04879	1.06183	1.04676	1.07533	1.07942	1.01638	1.1018	1.09734	1.0526	1.0297	1.04183	0.992195	0.967455	0.972346	0.972496	1.02285	0.99761	0.93602	0.988194	0.998654	0.99275	1.06739	1.01329	0.997408	1.00843	1.04522	1.06569	1.0359	0.988061	0.998958	0.998149	0.998352	0.969264	0.957357	0.963519	0.939417	1.04932	1.0845	1.09368	1.1111	1.15886	1.10348	1.03084	1.04304	1.02158	1.01864	1.03185	1.0226	1.04378
J315	1.15882	1.11936	1.0867	1.0685	1.09459	1.09106	1.11198	1.10937	1.0074	0	1.05463	1.05339	1.07347	1.07429	1.09279	1.06436	1.0385	1.07827	1.07778	1.06678	1.09449	1.05102	1.03488	1.06317	1.04489	1.0393	0.988471	1.09099	1.06967	1.0749	1.04949	1.08132	1.11844	1.08933	1.05213	1.10696	1.07543	1.08882	1.06254	1.0677	1.07712	1.08518	1.09077	1.08678	1.07644	1.07328	1.10894	1.08194	1.07605	1.05585	1.08087	1.10226	1.0758	1.08638	1.09355	1.07435	1.06992	1.06587	1.06857	1.03307	1.03833	1.08722	1.09807	1.06434	1.06839	1.05859	1.03129	1.08279	1.07389	1.12953	1.0831	1.11918	1.14967	1.09664	1.10177	1.09463	1.08928	1.10634	1.11658	1.079	1.13488	1.14116	1.10058	1.08628	1.1121	1.09294	1.05728	1.04344	1.04017	1.09731	1.0857	1.05286	1.05645	1.06845	1.08869	1.079	1.09775	1.10612	1.0385	1.08546	1.10332	1.08046	1.09369	1.0956	1.07603	1.08443	1.04217	1.04796	1.02797	1.00009	1.074	1.10132	1.10878	1.16617	1.16499	1.14382	1.09925	1.08903	1.07106	1.0771	1.06892	1.08442	1.09031
J316	1.15675	1.09982	1.04466	1.04175	1.05898	1.02977	1.11299	1.05609	0.973223	1.05463	0	1.05195	1.00906	1.02598	1.04416	1.03529	0.997341	1.02696	1.02838	1.01142	1.05216	1.04752	1.04006	1.02	0.986732	0.977196	1.05117	1.04629	1.01458	1.03863	1.08832	1.03686	1.11614	1.03847	1.00235	1.07645	1.06023	1.07449	1.0446	1.04463	1.048	1.07668	1.08414	1.04688	1.0357	1.05384	1.09138	1.08528	1.07326	1.05598	1.03729	1.06203	1.0558	1.03535	1.04455	1.04602	1.04169	1.06537	1.01673	0.986939	0.991321	1.04369	1.06944	1.02875	0.999921	1.04798	1.02153	1.06068	1.03694	1.11014	1.05439	1.09624	1.13133	1.06852	1.07041	1.08073	1.06584	1.09854	1.09639	1.04621	1.11096	1.1168	1.07248	1.05339	1.05994	1.02618	0.987697	0.985714	0.99503	1.0533	1.03152	0.976801	1.01375	1.01468	1.02429	1.08592	1.0341	1.0392	1.03236	1.07238	1.08509	1.05324	1.02793	1.03116	1.02687	1.02475	0.992017	0.964371	0.996385	1.00222	1.07277	1.10492	1.11284	1.12545	1.16655	1.1218	1.04777	1.06459	1.04488	1.04051	1.05112	1.04381	1.06747
J317	1.13047	1.13461	1.08545	1.06718	1.09457	1.07867	1.09805	1.10308	1.01773	1.05339	1.05195	0	1.0698	1.08047	1.0942	1.04575	1.04507	1.06594	1.06835	1.04878	1.09148	1.01939	1.05644	1.04651	1.03487	1.0276	1.02145	1.08975	1.06559	1.06842	1.08242	1.07965	1.12908	1.07732	1.03762	1.10739	1.07495	1.0898	1.06216	1.08141	1.08289	1.09289	1.1014	1.0893	1.07915	1.0531	1.11385	1.01055	1.00384	1.03896	1.07675	1.09604	1.0597	1.08348	1.08776	1.06826	1.06393	1.04515	1.0601	1.04353	1.04825	1.0797	1.09799	1.06581	1.07331	1.0497	1.03705	1.08362	1.06226	1.13742	1.08064	1.11806	1.16273	1.10339	1.10337	1.09342	1.10039	1.10241	1.11457	1.0713	1.14088	1.14062	1.09858	1.08988	1.10898	1.07212	1.05509	1.03373	1.03303	1.07465	1.07623	1.03063	1.05542	1.04422	1.08709	1.069	1.09605	1.08258	0.890531	1.07225	1.10641	1.08156	1.07241	1.07507	1.07629	1.07172	1.03802	1.03968	1.00657	1.02685	0.997535	1.02144	1.03664	1.16816	1.16477	1.14137	1.09894	1.08594	1.08142	1.07299	1.06343	1.08191	1.09429
J318	1.13519	1.07273	0.929802	0.974563	0.982777	0.977832	1.08362	1.04713	0.983859	1.07347	1.00906	1.0698	0	0.889269	1.00788	1.05583	0.999255	0.995387	0.984692	1.02645	1.01574	1.0238	1.05053	1.05089	0.992456	0.981372	1.07467	1.0054	0.959934	1.00882	1.0595	0.914249	1.0888	0.960735	1.03177	1.04815	1.02376	1.0423	0.92483	1.01615	1.02017	1.04043	1.04788	1.00634	0.994295	0.984749	1.057	1.02661	1.03855	0.944135	0.913407	0.99467	1.03443	0.984339	0.97223	0.998621	0.993487	1.03979	0.886392	0.980929	0.984977	0.967197	0.999099	1.06478	1.01334	1.06081	1.03294	1.02458	0.919515	1.0734	0.940489	0.99519	1.10244	1.03704	1.03785	1.05106	0.998732	1.04225	1.0667	0.977321	1.08117	1.08931	1.01672	0.997273	1.02013	0.942077	1.01036	1.00622	1.01544	0.975785	0.976012	0.96922	1.0273	1.03736	0.966636	1.04748	0.992496	0.956003	1.04823	1.0039	1.04787	1.0112	0.947297	0.949127	0.970096	0.970586	1.00515	0.991671	1.01795	1.01783	0.958362	1.0044	1.01509	1.09966	1.1507	1.08136	1.00791	1.04044	1.01845	1.01379	1.03084	1.01545	1.02607
J319	1.14389	1.07816	0.940578	0.984731	0.997685	1.00491	1.09669	1.06172	1.00434	1.07429	1.02598	1.08047	0.889269	0	1.02256	1.06208	1.0184	1.01403	1.00481	1.04277	1.0308	1.03386	1.06059	1.06113	1.01863	1.00944	1.08142	1.02442	0.993556	1.02314	1.0627	0.923201	1.09294	0.978244	1.04396	1.06217	1.03386	1.05074	0.934686	1.02498	1.02892	1.05313	1.05773	1.02073	1.00989	0.993391	1.06933	1.03194	1.05173	0.956116	0.938329	1.00965	1.045	1.00792	0.985969	1.01995	1.01479	1.05037	0.903674	1.00233	1.00627	0.985602	1.01253	1.07099	1.03313	1.06577	1.04058	1.03575	0.932912	1.08428	0.951272	1.00641	1.10671	1.03984	1.0469	1.05354	1.0096	1.04569	1.07299	0.990429	1.08838	1.09654	1.02666	1.00569	1.04037	0.972826	1.03115	1.02282	1.03007	0.995307	1.0016	1.00097	1.04208	1.05329	0.999877	1.06211	1.0168	0.987032	1.06529	1.01609	1.06421	1.02512	0.974915	0.976453	0.99434	1.00011	1.02328	1.01301	1.02907	1.02571	0.970786	1.01445	1.02355	1.11416	1.15415	1.08603	1.02733	1.04827	1.03312	1.02175	1.03013	1.03011	1.04228
J320	1.09327	1.0001	1.02697	1.03449	1.04915	0.929474	1.04051	1.04953	1.02526	1.09279	1.04416	1.0942	1.00788	1.02256	0	1.07631	1.03405	1.02737	0.984175	1.05401	1.0204	1.05654	1.07586	1.07284	1.04217	1.03466	1.09741	0.967773	0.946937	1.04587	1.00319	1.03265	1.01485	1.02171	1.05837	1.07788	0.960206	0.973906	1.03924	1.04724	1.04714	0.986858	0.981567	1.04336	1.03189	1.03974	1.07337	1.07159	0.992498	1.04355	1.02088	1.05722	1.06309	0.939089	1.03695	0.964274	0.960517	1.06884	1.00844	1.03046	1.03512	1.03951	1.05833	1.07724	1.05636	1.0734	1.0585	1.04655	1.0255	0.99835	1.04723	1.08963	1.02969	1.06757	1.06115	1.06769	1.04526	1.08753	1.08273	1.0389	1.01004	1.01734	1.05721	1.04608	0.962919	1.02789	1.04619	1.0403	1.0403	1.04098	0.935976	1.02678	1.06206	1.05566	0.930123	0.990126	0.943548	1.02107	1.08278	1.06102	0.980389	0.95618	1.00779	1.01648	0.918958	0.914279	1.03585	1.03071	1.05251	1.04416	1.06209	1.09413	1.10157	1.04046	1.10267	1.11504	0.946144	1.07078	1.05786	1.05079	1.05804	1.05973	0.987915
J321g	1.16457	1.11788	1.0695	1.04854	1.08561	1.06724	1.11989	1.08877	1.00993	1.06436	1.03529	1.04575	1.05583	1.06208	1.07631	0	1.02365	1.04884	1.05232	1.01982	1.07626	1.05605	1.0396	1.02594	1.0262	1.01901	1.05371	1.06285	1.05295	1.04543	1.09411	1.06453	1.11894	1.06685	1.0133	1.08467	1.05913	1.07364	1.04954	1.05742	1.06047	1.07156	1.08773	1.06488	1.05352	1.06414	1.0843	1.08589	1.07908	1.06582	1.06347	1.08195	1.05475	1.06606	1.0764	1.04928	1.04529	1.06591	1.04514	1.02471	1.02871	1.07288	1.0893	1.05197	1.04968	1.04725	1.01979	1.03991	1.02791	1.10995	1.04133	1.07959	1.14439	1.08142	1.08328	1.08243	1.0773	1.0975	1.08701	1.04201	1.11388	1.11506	1.0706	1.0651	1.09841	1.06268	1.03187	1.02565	1.0209	1.06979	1.06449	1.00705	1.0255	1.02374	1.07348	1.09799	1.07787	1.07469	1.03194	1.06646	1.0935	1.06621	1.05393	1.06591	1.056	1.05858	1.02766	1.02415	0.998868	1.01055	1.07509	1.10454	1.11125	1.1401	1.17369	1.12306	1.0846	1.07391	1.06494	1.04032	1.05102	1.06569	1.07573
J322	1.14657	1.08871	1.03374	1.02725	1.04103	1.00991	1.09655	1.04661	0.950364	1.0385	0.997341	1.04507	0.999255	1.0184	1.03405	1.02365	0	1.01763	1.0073	1.0005	1.03981	1.03707	0.99659	1.01697	0.975388	0.964609	1.05025	1.0247	0.990311	1.0229	1.07183	1.02055	1.10405	1.01915	1.00257	1.05879	1.03898	1.05445	1.03231	1.031	1.03383	1.06295	1.0654	1.02774	1.01552	1.03218	1.06561	1.07087	1.05731	1.03973	1.02253	1.04678	1.04798	1.00999	1.03292	1.02122	1.01679	1.05197	1.00075	0.957108	0.962011	1.02597	1.05092	1.03749	1.00805	1.01536	1.0056	1.03911	1.01617	1.08677	1.03875	1.08356	1.11567	1.05356	1.0517	1.06193	1.05781	1.08431	1.07902	1.02594	1.09832	1.09693	1.05613	1.04177	1.04862	1.00624	0.9877	0.98785	0.986521	1.03122	1.01124	0.943091	0.997851	1.01191	1.01032	1.07086	1.02331	1.02021	1.02729	1.05333	1.06854	1.03864	1.00955	1.01519	1.006	1.00641	0.980702	0.974576	0.990089	0.970037	1.0548	1.08956	1.09777	1.12067	1.15681	1.11201	1.03497	1.05301	1.0359	1.02928	1.0401	1.03225	1.04597
J324	1.14493	1.09094	1.01496	1.02157	1.04549	1.01448	1.08953	1.05657	0.999774	1.07827	1.02696	1.06594	0.995387	1.01403	1.02737	1.04884	1.01763	0	1.01076	1.03375	1.04103	0.946849	1.05176	1.05196	1.00483	0.996387	1.07835	1.03597	1.00144	0.930536	1.07502	1.01943	1.10486	1.00564	1.03241	1.02083	1.04106	1.05757	1.02149	0.983478	0.984531	1.06713	1.06659	0.986038	0.972431	1.03132	1.03366	1.0636	1.05661	1.03361	1.00826	1.03953	0.955144	1.01888	1.02967	1.02233	1.01756	0.965529	0.991159	1.00305	1.00748	1.02547	1.05345	1.07557	1.04662	1.06502	1.03468	0.999633	1.00737	1.09605	1.02654	1.07214	1.11995	1.01205	1.01533	1.02173	1.03336	1.07563	1.03794	1.01899	1.10351	1.09941	1.05249	1.03114	1.05798	1.00935	1.03345	1.02394	1.02447	1.03127	1.01781	0.993498	1.03771	1.03955	1.01709	1.06225	1.03082	1.00466	1.05567	1.05103	1.07152	1.04188	0.99217	0.999507	0.996558	0.997868	1.02592	1.01658	1.02358	1.02073	1.04704	1.08305	1.09162	1.09293	1.16047	1.1021	1.04482	0.96533	0.95151	0.941971	0.951955	0.946179	1.05151
J326	1.11449	1.04348	1.01925	1.01154	1.02157	0.951638	1.05445	1.05458	0.991254	1.07778	1.02838	1.06835	0.984692	1.00481	0.984175	1.05232	1.0073	1.01076	0	1.02842	0.929486	1.03301	1.04801	1.05539	0.995662	0.986685	1.07993	0.965837	0.920619	1.01961	1.01677	1.00161	1.06218	1.00124	1.03809	1.0561	0.989559	1.00878	1.0175	1.03219	1.03426	1.02533	1.02548	1.02829	1.01595	1.01976	1.07936	1.05421	1.00653	1.02579	1.00273	1.02932	1.04398	0.957505	1.01747	0.964662	0.95923	1.05068	0.985477	0.998794	1.00384	1.00678	1.03077	1.07547	1.03991	1.06258	1.03832	1.04394	0.999391	1.05196	1.02158	1.06813	1.08019	1.05414	1.05646	1.07111	1.04379	1.0692	1.08295	1.01175	1.06183	1.05986	1.04338	1.02381	0.996972	0.982414	1.0259	1.02342	1.02376	1.01753	0.945287	0.978721	1.03843	1.04205	0.955545	1.02316	0.977353	1.00262	1.05916	1.04523	1.02607	0.990413	0.991326	0.998032	0.950512	0.952448	1.01825	1.0031	1.02805	1.02041	1.04053	1.07558	1.08432	1.07865	1.12819	1.09714	0.977543	1.04846	1.0269	1.0282	1.04155	1.02357	1.00171
J327	1.16222	1.10102	1.05737	1.04505	1.06111	1.03574	1.11639	1.05873	0.984466	1.06678	1.01142	1.04878	1.02645	1.04277	1.05401	1.01982	1.0005	1.03375	1.02842	0	1.05102	1.0495	1.04608	1.00201	0.996562	0.987205	1.06855	1.04748	1.01786	1.04133	1.09122	1.04234	1.1198	1.04634	1.00772	1.07861	1.06402	1.07809	1.05203	1.05142	1.04875	1.08466	1.08718	1.05107	1.04021	1.05966	1.09641	1.08768	1.0761	1.06262	1.04609	1.06879	1.05429	1.04324	1.05684	1.04626	1.04198	1.06438	1.02703	1.00317	1.00701	1.0457	1.06908	1.05686	1.03252	1.03256	1.0184	1.06672	1.04425	1.11334	1.05979	1.10071	1.13383	1.07242	1.07357	1.08638	1.07616	1.10064	1.09983	1.0514	1.11894	1.12258	1.07779	1.0645	1.06161	1.02793	1.01045	1.01867	1.01791	1.05705	1.02817	0.970842	1.0044	0.974184	1.03977	1.08831	1.04346	1.04989	1.03484	1.07559	1.09202	1.06164	1.03402	1.03956	1.03474	1.02995	1.00615	0.979722	1.00369	1.00974	1.07256	1.10365	1.11085	1.13347	1.17248	1.12981	1.05336	1.06927	1.04129	1.04484	1.05246	1.03967	1.07311
J328	1.11848	1.07184	1.04626	1.03689	1.04887	0.993769	1.07666	1.08422	1.02552	1.09449	1.05216	1.09148	1.01574	1.0308	1.0204	1.07626	1.03981	1.04103	0.929486	1.05102	0	1.05545	1.07215	1.07904	1.02735	1.01835	1.09502	0.992189	0.96449	1.04775	1.03736	1.03038	1.0874	1.03166	1.06321	1.07834	1.02132	1.03956	1.04035	1.05594	1.05749	1.04928	1.04876	1.05051	1.04075	1.04444	1.09898	1.07392	1.03126	1.04955	1.03285	1.05663	1.06898	0.999388	1.04442	0.997821	0.992535	1.07339	1.01612	1.02687	1.02963	1.03276	1.0571	1.09296	1.06596	1.08454	1.05878	1.06667	1.03101	1.07823	1.0501	1.09218	1.10514	1.07577	1.07527	1.08811	1.06593	1.0883	1.10438	1.03741	1.09054	1.08707	1.06794	1.04612	1.0241	1.01407	1.05369	1.04948	1.04844	1.04464	0.982594	1.01536	1.06098	1.06828	0.992652	1.05106	1.01423	1.03614	1.07735	1.06476	1.05712	1.02097	1.02664	1.03155	0.987553	0.991595	1.04381	1.03059	1.04961	1.04214	1.06096	1.09447	1.10212	1.10773	1.14705	1.11633	1.01857	1.07201	1.05111	1.05238	1.06141	1.04761	1.02672
J329	1.12922	1.10469	1.04028	1.02402	1.05635	1.04641	1.06037	1.08126	1.02654	1.05102	1.04752	1.01939	1.0238	1.03386	1.05654	1.05605	1.03707	0.946849	1.03301	1.0495	1.05545	0	1.05332	1.05365	1.03329	1.02517	1.01743	1.05304	1.03031	0.933596	1.04207	1.0352	1.10035	1.03761	1.04575	1.04256	1.03405	1.05206	1.01179	0.994991	1.00317	1.05481	1.06447	1.01047	0.997979	1.01555	1.04903	1.02168	1.01548	0.995593	1.03326	1.06274	0.959056	1.04339	1.05205	1.03179	1.02693	0.940793	1.01646	1.02357	1.02759	1.0417	1.06416	1.06863	1.06906	1.04689	1.02173	1.01132	1.02105	1.10557	1.03657	1.08163	1.13236	1.02451	1.03285	1.02055	1.0501	1.07391	1.05373	1.03051	1.11599	1.11167	1.06467	1.04609	1.07654	1.03271	1.05181	1.02671	1.02631	1.03438	1.03759	1.022	1.0509	1.05334	1.05071	1.03999	1.05859	1.04753	0.986043	1.03394	1.07828	1.04569	1.03356	1.0346	1.02836	1.0346	1.03841	1.03504	1.02337	1.02286	1.00262	1.03896	1.05165	1.13121	1.14985	1.11527	1.06384	0.956374	0.956055	0.952659	0.94267	0.95207	1.05984
J330	1.1687	1.12182	1.06787	1.04457	1.08431	1.06136	1.12786	1.09417	0.975779	1.03488	1.04006	1.05644	1.05053	1.06059	1.07586	1.0396	0.99659	1.05176	1.04801	1.04608	1.07215	1.05332	0	1.00379	1.01758	1.00926	1.04382	1.06876	1.04819	1.03281	1.0881	1.06339	1.12128	1.05925	1.01062	1.07884	1.05481	1.0718	1.04495	1.05136	1.05595	1.0765	1.08447	1.05885	1.04703	1.05658	1.09403	1.0879	1.07498	1.0668	1.05884	1.07988	1.05921	1.05684	1.07241	1.05253	1.04785	1.07808	1.04322	1.01004	1.01462	1.06938	1.0892	1.05912	1.05538	1.05249	1.01997	1.05919	1.03443	1.10891	1.05248	1.09468	1.13764	1.07774	1.07936	1.07774	1.07669	1.09123	1.09896	1.04574	1.12141	1.11689	1.0769	1.05879	1.09538	1.05421	1.03113	1.02352	1.01658	1.06914	1.05956	1.00714	1.01598	1.03197	1.06696	1.10128	1.07622	1.06833	1.0417	1.0624	1.08429	1.05635	1.05665	1.06264	1.0496	1.05562	1.02228	1.02344	0.972159	0.956861	1.07393	1.10755	1.11614	1.15633	1.17126	1.12275	1.08732	1.04628	1.07023	1.03948	1.05756	1.06955	1.06516
J331	1.17639	1.12187	1.0717	1.04407	1.08487	1.06114	1.13112	1.08267	1.00558	1.06317	1.02	1.04651	1.05089	1.06113	1.07284	1.02594	1.01697	1.05196	1.05539	1.00201	1.07904	1.05365	1.00379	0	1.01902	1.01105	1.04401	1.07518	1.05311	1.03314	1.0928	1.06709	1.12432	1.06233	0.986891	1.08609	1.0592	1.07557	1.04542	1.05549	1.057	1.07892	1.08987	1.06252	1.05081	1.05721	1.09464	1.08828	1.08218	1.07334	1.05891	1.08339	1.05051	1.0655	1.07406	1.05339	1.04871	1.07791	1.04578	1.02154	1.02629	1.07127	1.09089	1.0497	1.04946	1.04911	1.01514	1.06551	1.03856	1.11549	1.05387	1.09641	1.1414	1.08129	1.08217	1.0818	1.07399	1.09006	1.10495	1.04835	1.12134	1.12379	1.0788	1.05994	1.0905	1.05832	1.02084	1.01404	1.01291	1.06726	1.05908	1.00064	1.00616	0.981152	1.06971	1.10284	1.07074	1.07267	1.03534	1.06405	1.08887	1.05678	1.05251	1.06174	1.05465	1.0523	1.01542	1.00114	0.970134	1.0075	1.07732	1.11046	1.11901	1.15757	1.17672	1.12753	1.0805	1.04938	1.06983	1.04016	1.05533	1.07126	1.07421
J333	1.15406	1.09034	1.03683	1.02993	1.02826	1.00108	1.08489	1.05475	0.945668	1.04489	0.986732	1.03487	0.992456	1.01863	1.04217	1.0262	0.975388	1.00483	0.995662	0.996562	1.02735	1.03329	1.01758	1.01902	0	0.556364	1.00836	1.02046	0.972819	1.02208	1.08457	1.01302	1.10972	1.01075	0.99291	1.05623	1.04783	1.06462	1.0345	1.03924	1.03753	1.06859	1.07611	1.02175	1.01001	1.03611	1.08455	1.06713	1.06226	1.04389	1.01947	1.04216	1.04994	1.01166	1.0311	1.02616	1.02178	1.05582	1.00037	0.964922	0.970249	1.00534	1.03909	1.02137	0.977096	1.04435	1.01147	1.04546	1.01717	1.10189	1.04269	1.08676	1.12507	1.0527	1.05014	1.07371	1.0533	1.08535	1.09007	1.0308	1.10538	1.11022	1.06415	1.04047	1.03526	0.984221	0.960276	0.959632	0.963468	1.03105	0.987015	0.944942	1.00975	1.02073	0.999035	1.0534	1.02349	1.00969	1.01138	1.05498	1.07282	1.04483	0.999918	1.00664	1.00872	1.00409	0.948488	0.934763	0.985338	0.978772	1.0563	1.08933	1.09887	1.12113	1.16666	1.11798	1.02405	1.0533	1.02085	1.03061	1.04448	1.02012	1.05189
J333-plus	1.15192	1.0858	1.02854	1.01993	1.02081	0.99096	1.08186	1.04848	0.934986	1.0393	0.977196	1.0276	0.981372	1.00944	1.03466	1.01901	0.964609	0.996387	0.986685	0.987205	1.01835	1.02517	1.00926	1.01105	0.556364	0	0.999842	1.01129	0.961776	1.01245	1.07828	1.00385	1.10535	1.00054	0.983423	1.0494	1.04066	1.05922	1.02628	1.03202	1.03051	1.0622	1.06962	1.01175	0.9998	1.02787	1.0774	1.06103	1.05584	1.03595	1.0105	1.03494	1.04321	1.00316	1.02249	1.01696	1.01176	1.04883	0.990653	0.955332	0.959131	0.996638	1.0326	1.01412	0.96852	1.0401	1.00397	1.03674	1.00717	1.09564	1.03464	1.08078	1.11972	1.0445	1.04251	1.067	1.04553	1.07885	1.08334	1.01871	1.10061	1.1052	1.05555	1.03034	1.02651	0.968675	0.950914	0.945203	0.950913	1.01642	0.974758	0.929127	0.998122	1.00935	0.987849	1.04722	1.01163	0.9953	0.998755	1.04247	1.06519	1.03408	0.986589	0.990484	0.994869	0.99128	0.936277	0.92161	0.97271	0.968291	1.04845	1.08408	1.09397	1.11649	1.16404	1.11209	1.01636	1.04468	1.0137	1.02142	1.03602	1.01275	1.04304
J333a	1.15568	1.13271	1.09164	1.06468	1.10148	1.09027	1.10275	1.11416	1.02903	0.988471	1.05117	1.02145	1.07467	1.08142	1.09741	1.05371	1.05025	1.07835	1.07993	1.06855	1.09502	1.01743	1.04382	1.04401	1.00836	0.999842	0	1.08388	1.07799	1.07013	1.0058	1.08491	1.11768	1.08648	1.03739	1.10525	1.06055	1.07766	1.04465	1.07595	1.08045	1.06302	1.08783	1.07905	1.0698	1.06845	1.11355	1.05993	1.04841	1.02919	1.08433	1.10789	1.05976	1.08489	1.0969	1.06542	1.06189	1.04024	1.07007	1.04123	1.04379	1.08941	1.10972	1.03589	1.05185	1.0582	1.02255	1.0771	1.06868	1.13291	1.07731	1.11182	1.15582	1.09726	1.10284	1.09103	1.09822	1.10389	1.11905	1.07279	1.13636	1.14288	1.10324	1.07879	1.10689	1.07988	1.02609	1.00181	1.00307	1.08291	1.07745	1.04272	1.04988	1.05843	1.08688	1.05151	1.09005	1.09739	0.982027	1.05305	1.09259	1.06432	1.08144	1.08712	1.07422	1.0774	1.01809	1.01329	1.01239	1.00921	1.04406	1.07482	1.08692	1.16083	1.15403	1.14638	1.10403	1.07744	1.08924	1.06774	1.06379	1.09193	1.08905
J334	1.07821	1.02291	1.03321	1.03096	1.03339	0.945194	1.024	1.05233	1.02055	1.09099	1.04629	1.08975	1.0054	1.02442	0.967773	1.06285	1.0247	1.03597	0.965837	1.04748	0.992189	1.05304	1.06876	1.07518	1.02046	1.01129	1.08388	0	0.903273	1.04311	0.988585	1.02337	1.03635	1.02548	1.05837	1.07396	0.965228	0.979331	1.03373	1.04582	1.04883	0.987885	0.990926	1.03058	1.01921	1.03553	1.06189	1.06819	0.978861	1.04204	1.02639	1.05361	1.0631	0.939719	1.03372	0.935095	0.93235	1.06412	1.00582	1.01951	1.02329	1.02185	1.04484	1.07783	1.0496	1.07106	1.0565	1.02776	1.02326	0.995059	1.03594	1.07764	1.03464	1.05896	1.04449	1.05856	1.05996	1.08621	1.07797	1.0326	1.02799	1.01109	1.05884	1.04487	0.97101	1.00539	1.04059	1.03265	1.03294	1.03281	0.933655	1.01391	1.05844	1.06589	0.937622	1.01401	0.962868	1.02593	1.07567	1.05402	1.00131	0.97986	1.01055	1.0196	0.935442	0.94242	1.01653	1.0198	1.04407	1.0387	1.05771	1.09124	1.09932	1.04954	1.0923	1.11345	0.957191	1.06904	1.04757	1.04009	1.05852	1.04703	0.959516
J335	1.0777	1.01	1.01	1.00703	1.00192	0.90363	1.01863	1.02601	0.979734	1.06967	1.01458	1.06559	0.959934	0.993556	0.946937	1.05295	0.990311	1.00144	0.920619	1.01786	0.96449	1.03031	1.04819	1.05311	0.972819	0.961776	1.07799	0.903273	0	1.01465	0.990316	0.981434	1.03267	0.982502	1.03096	1.04921	0.954831	0.972641	1.01491	1.0294	1.02726	0.984478	0.982077	1.00396	0.992032	1.01229	1.05471	1.04735	0.966151	1.01717	0.990597	1.01994	1.03923	0.90601	1.00183	0.924033	0.920458	1.04356	0.968887	0.977426	0.981989	0.983943	1.01444	1.06561	1.01362	1.05879	1.03722	1.02114	0.992902	0.998383	1.01947	1.06701	1.034	1.03965	1.02824	1.05196	1.03388	1.06865	1.06394	1.00459	1.01899	1.00766	1.03487	1.01876	0.941259	0.955341	1.00581	1.004	1.00901	0.999196	0.89192	0.961696	1.03012	1.03974	0.892343	0.992126	0.92787	0.974466	1.04842	1.03215	0.984115	0.957242	0.965621	0.974608	0.899521	0.903652	0.994502	0.980098	1.02317	1.0178	1.03541	1.07081	1.08089	1.04101	1.08903	1.09627	0.922953	1.04545	0.998773	1.02092	1.03701	1.01066	0.954183
J338	1.15675	1.10106	1.03256	1.00745	1.04787	1.02991	1.1102	1.07346	1.01019	1.0749	1.03863	1.06842	1.00882	1.02314	1.04587	1.04543	1.0229	0.930536	1.01961	1.04133	1.04775	0.933596	1.03281	1.03314	1.02208	1.01245	1.07013	1.04311	1.01465	0	1.07408	1.02553	1.10843	1.02335	1.00053	1.0234	1.03856	1.05695	1.01025	0.979317	0.983307	1.06188	1.06664	0.984459	0.970735	1.02784	1.02866	1.06542	1.05709	1.02981	1.02164	1.0499	0.959616	1.02896	1.04047	1.02246	1.01744	0.974069	1.00232	1.01211	1.01625	1.03115	1.05869	1.06865	1.05677	1.06372	1.02648	0.985329	0.990059	1.08759	1.01631	1.06512	1.12038	1.00501	1.01429	1.01313	1.04118	1.06945	1.03143	1.00478	1.09504	1.09461	1.0429	1.01926	1.0654	1.01842	1.03831	1.02068	1.02166	1.02881	1.02486	1.00377	1.0018	1.01445	1.03484	1.07641	1.04341	1.03163	1.05084	1.04173	1.06202	1.02594	1.01764	1.01797	1.01076	1.01978	1.02765	1.02493	1.00316	1.00788	1.04593	1.08478	1.09413	1.13907	1.16096	1.10072	1.05632	0.920674	0.943589	0.895993	0.944361	0.943238	1.03779
J339	1.07598	1.0407	1.07352	1.05362	1.08524	1.00402	1.02675	1.08108	1.07071	1.04949	1.08832	1.08242	1.0595	1.0627	1.00319	1.09411	1.07183	1.07502	1.01677	1.09122	1.03736	1.04207	1.0881	1.0928	1.08457	1.07828	1.0058	0.988585	0.990316	1.07408	0	1.06925	1.0289	1.07577	1.08753	1.10582	0.974197	0.98588	1.04169	1.06876	1.07547	0.989039	0.988345	1.07268	1.06327	1.05773	1.08203	1.06198	0.976584	1.03616	1.06988	1.09374	1.06835	0.989286	1.0758	0.985689	0.98315	1.05563	1.05496	1.07062	1.07393	1.07746	1.08912	1.08465	1.09444	1.07978	1.06417	1.06201	1.05828	1.01653	1.07118	1.11033	1.04914	1.08948	1.08064	1.07171	1.0843	1.09559	1.09725	1.06354	1.04168	1.03423	1.08035	1.07022	1.01526	1.07305	1.08728	1.06793	1.06506	1.07397	0.992663	1.07628	1.08443	1.08877	0.992832	0.986086	1.00621	1.08914	1.06124	1.0589	1.00511	0.992859	1.07581	1.07963	0.981398	0.991622	1.06502	1.07531	1.06485	1.06038	1.05431	1.08486	1.09393	1.09792	1.08241	1.12984	1.00531	1.08339	1.0874	1.07545	1.06806	1.08917	0.996946
J340	1.14317	1.08088	0.94279	0.991749	0.993661	1.01007	1.09686	1.07008	1.01283	1.08132	1.03686	1.07965	0.914249	0.923201	1.03265	1.06453	1.02055	1.01943	1.00161	1.04234	1.03038	1.0352	1.06339	1.06709	1.01302	1.00385	1.08491	1.02337	0.981434	1.02553	1.06925	0	1.10007	0.984112	1.04951	1.06349	1.03872	1.05479	0.950577	1.03145	1.03462	1.06119	1.06399	1.02066	1.01031	0.992659	1.06955	1.03259	1.05319	0.95804	0.937504	1.01584	1.0477	1.00925	0.997569	1.02254	1.01777	1.05098	0.908721	1.00612	1.00986	0.975936	1.01048	1.07519	1.04151	1.06864	1.04827	1.03712	0.941833	1.08879	0.961312	1.01497	1.11343	1.04055	1.0474	1.05447	1.01998	1.05365	1.07281	0.997186	1.09631	1.09919	1.03148	1.00982	1.04209	0.96439	1.03394	1.02782	1.03271	0.997307	1.00357	1.00094	1.04827	1.05789	1.00711	1.06804	1.02429	0.989414	1.06804	1.02015	1.06754	1.03361	0.979654	0.980949	0.998761	1.0056	1.01726	1.01424	1.03857	1.03127	0.971661	1.01231	1.02102	1.11835	1.15391	1.08941	1.02614	1.05256	1.02798	1.02276	1.03261	1.02722	1.04849
J341	1.10307	1.02435	1.10267	1.0892	1.10806	1.01297	1.0737	1.10471	1.1048	1.11844	1.11614	1.12908	1.0888	1.09294	1.01485	1.11894	1.10405	1.10486	1.06218	1.1198	1.0874	1.10035	1.12128	1.12432	1.10972	1.10535	1.11768	1.03635	1.03267	1.10843	1.0289	1.10007	0	1.0983	1.1199	1.12735	0.968572	0.977118	1.0488	1.10551	1.10697	0.979611	0.987576	1.10025	1.0919	1.09617	1.11362	1.10667	1.03413	1.10208	1.09516	1.11809	1.06446	1.01635	1.10778	1.0357	1.03385	1.12126	1.08961	1.10387	1.10726	1.10635	1.1158	1.11024	1.11344	1.11773	1.05925	1.09217	1.08514	1.0322	1.10334	1.13547	1.05889	1.11675	1.10939	1.1084	1.10303	1.11958	1.1202	1.09483	1.0362	1.05106	1.10493	1.10827	1.02588	1.10619	1.11579	1.10294	1.09842	1.10503	1.0116	1.10888	1.11802	1.12259	1.01018	1.02485	1.02241	1.1097	1.11772	1.05052	1.0086	1.00591	1.10135	1.10621	1.01874	1.01309	1.10159	1.10183	1.10836	1.10206	1.10311	1.12485	1.13059	1.09867	1.1036	1.15496	1.01176	1.1145	1.11827	1.11171	1.07326	1.11892	1.03686
J342	1.15257	1.08362	0.985617	0.910489	0.920946	1.00229	1.09111	1.07148	1.00549	1.08933	1.03847	1.07732	0.960735	0.978244	1.02171	1.06685	1.01915	1.00564	1.00124	1.04634	1.03166	1.03761	1.05925	1.06233	1.01075	1.00054	1.08648	1.02548	0.982502	1.02335	1.07577	0.984112	1.0983	0	1.04416	1.06143	1.0354	1.05341	0.991712	1.03976	1.04064	1.05691	1.06557	1.02576	1.01468	0.932459	1.07784	0.975517	1.05433	0.999785	0.96531	0.954307	1.04899	1.00939	0.922326	1.01831	1.01328	1.05659	0.964995	1.00646	1.00971	0.909645	0.942993	1.08224	1.04359	1.07526	1.04495	1.03925	0.970758	1.09018	0.999531	1.049	1.11659	1.05152	1.05137	1.07083	0.927826	0.997721	1.08098	0.934913	1.09504	1.09912	1.01805	0.994593	1.04264	0.870894	1.03118	1.02475	1.02846	0.909379	0.998497	0.989789	1.04386	1.05334	1.00021	1.06235	1.01918	0.874602	1.06076	0.936967	1.06245	1.02875	0.870395	0.870247	0.98374	0.982616	1.02912	1.01845	1.03433	1.028	1.01222	1.05088	1.0609	1.08476	1.16074	1.07477	1.03167	1.05505	1.03796	1.0288	1.04231	1.03988	1.04268
J343	1.16791	1.11213	1.05276	1.02904	1.07276	1.04681	1.11944	1.07338	0.98385	1.05213	1.00235	1.03762	1.03177	1.04396	1.05837	1.0133	1.00257	1.03241	1.03809	1.00772	1.06321	1.04575	1.01062	0.986891	0.99291	0.983423	1.03739	1.05837	1.03096	1.00053	1.08753	1.04951	1.1199	1.04416	0	1.07062	1.05221	1.06974	1.03795	1.03815	1.04262	1.07542	1.08112	1.04478	1.03269	1.04906	1.08329	1.08314	1.07222	1.05456	1.04482	1.06858	1.04625	1.0468	1.05902	1.03843	1.03414	1.0622	1.02651	0.99713	1.00105	1.05561	1.07809	1.02858	1.02133	1.04249	1.01071	1.04476	1.01516	1.10322	1.04103	1.08629	1.13342	1.06595	1.06693	1.0717	1.06028	1.08657	1.08752	1.02646	1.10796	1.11014	1.06322	1.04304	1.08056	1.04064	0.980689	0.978772	0.978096	1.05148	1.04214	0.984797	0.979029	0.980364	1.05013	1.08645	1.05667	1.05074	1.02499	1.06083	1.07747	1.04281	1.03619	1.0409	1.03286	1.03295	0.993362	0.978636	0.955579	0.97976	1.06635	1.10283	1.11152	1.14991	1.17236	1.11587	1.06908	1.03419	1.05387	1.00249	1.04276	1.05356	1.05594
J344	1.17853	1.12291	1.06848	1.05632	1.08205	1.06094	1.13737	1.10473	1.0499	1.10696	1.07645	1.10739	1.04815	1.06217	1.07788	1.08467	1.05879	1.02083	1.0561	1.07861	1.07834	1.04256	1.07884	1.08609	1.05623	1.0494	1.10525	1.07396	1.04921	1.0234	1.10582	1.06349	1.12735	1.06143	1.07062	0	1.06656	1.08096	1.05531	0.942812	0.944622	1.08765	1.09276	0.932184	0.922003	1.07189	1.04385	1.10112	1.09762	1.07755	1.05921	1.07931	1.0388	1.05906	1.07327	1.06925	1.06566	1.05897	1.04114	1.04632	1.05077	1.06426	1.08896	1.1068	1.08309	1.10168	1.06654	1.00715	1.03427	1.10874	1.05356	1.09027	1.12057	0.995007	0.982618	1.0237	1.06609	1.09659	1.04436	1.05028	1.11539	1.11332	1.07563	1.06488	1.09362	1.05255	1.07229	1.07028	1.0662	1.08144	1.05615	1.04492	1.07478	1.08187	1.0656	1.11086	1.07808	1.06859	1.1014	1.0792	1.0982	1.07345	1.0576	1.06552	1.05506	1.05647	1.06194	1.05745	1.06273	1.05874	1.08601	1.11636	1.12332	1.14105	1.18062	1.11945	1.08321	1.0491	1.04272	1.0255	1.03773	1.04322	1.07404
J345	1.07871	1.00786	1.04065	1.0184	1.05527	0.94663	1.03926	1.06231	1.03749	1.07543	1.06023	1.07495	1.02376	1.03386	0.960206	1.05913	1.03898	1.04106	0.989559	1.06402	1.02132	1.03405	1.05481	1.0592	1.04783	1.04066	1.06055	0.965228	0.954831	1.03856	0.974197	1.03872	0.968572	1.0354	1.05221	1.06656	0	0.596616	0.960991	1.03863	1.04073	0.89274	0.909147	1.02929	1.01657	1.02855	1.05881	1.05303	0.964798	1.03715	1.0339	1.05862	0.984754	0.931088	1.04545	0.954176	0.951797	1.05501	1.01553	1.03589	1.04039	1.04446	1.05899	1.06733	1.0717	1.0681	0.993838	1.02935	1.00402	0.973294	1.02857	1.07468	1.01526	1.06032	1.04906	1.04785	1.04762	1.067	1.06805	1.01935	1.00524	0.99681	1.0503	1.04091	0.976921	1.03214	1.05441	1.04061	1.03302	1.04395	0.938937	1.03625	1.06041	1.0595	0.9516	0.992564	0.965482	1.04732	1.05927	0.967494	0.964897	0.941062	1.03413	1.03984	0.931485	0.940472	1.03419	1.04106	1.03654	1.02945	1.03935	1.07481	1.0843	1.06826	1.08809	1.10458	0.962647	1.05048	1.05803	1.04308	1.01451	1.06156	0.971198
J345-plus	1.08075	1.0156	1.05696	1.0374	1.06936	0.964229	1.04662	1.06846	1.05478	1.08882	1.07449	1.0898	1.0423	1.05074	0.973906	1.07364	1.05445	1.05757	1.00878	1.07809	1.03956	1.05206	1.0718	1.07557	1.06462	1.05922	1.07766	0.979331	0.972641	1.05695	0.98588	1.05479	0.977118	1.05341	1.06974	1.08096	0.596616	0	0.985512	1.05528	1.05714	0.914512	0.924529	1.04716	1.03514	1.04625	1.07029	1.06827	0.978152	1.05444	1.05081	1.073	1.00572	0.947369	1.06195	0.972106	0.970227	1.07012	1.03421	1.0542	1.05881	1.06111	1.07265	1.07951	1.08362	1.07838	1.01388	1.04516	1.02558	0.980697	1.04721	1.08949	1.02092	1.07451	1.06258	1.06141	1.06547	1.08247	1.07983	1.0414	1.01226	1.00157	1.06644	1.05959	0.99012	1.05236	1.06973	1.05789	1.04948	1.06343	0.960275	1.05541	1.07772	1.07601	0.969632	1.00774	0.983862	1.06654	1.07914	0.994662	0.979314	0.962582	1.05393	1.06035	0.953854	0.962732	1.04934	1.05789	1.05696	1.04908	1.0571	1.08862	1.09685	1.07441	1.08727	1.1174	0.975146	1.06788	1.07251	1.06091	1.0326	1.07596	0.985459
J346	1.13729	1.08757	0.951684	0.975728	1.01555	1.02649	1.09502	1.08364	1.02208	1.06254	1.0446	1.06216	0.92483	0.934686	1.03924	1.04954	1.03231	1.02149	1.0175	1.05203	1.04035	1.01179	1.04495	1.04542	1.0345	1.02628	1.04465	1.03373	1.01491	1.01025	1.04169	0.950577	1.0488	0.991712	1.03795	1.05531	0.960991	0.985512	0	1.02006	1.02375	0.974616	1.00675	1.01807	1.00554	0.985458	1.06014	1.01523	1.03487	0.947335	0.942806	1.01637	0.968892	1.02445	1.00329	1.01552	1.01162	1.04013	0.916698	1.0173	1.02099	1.00137	1.02329	1.05846	1.05845	1.0619	0.967212	1.02312	0.908834	1.07982	0.938762	0.996786	1.10786	1.04086	1.04527	1.04423	0.996426	1.03087	1.06796	0.973353	1.08663	1.09378	1.01538	0.999902	1.05737	0.988628	1.04383	1.02477	1.02537	1.00232	1.01498	1.01961	1.03446	1.04653	1.02796	1.06268	1.037	1.00654	1.03686	0.918711	1.05037	1.00858	0.988107	0.989995	1.00613	1.01404	1.02647	1.02818	1.01255	1.01264	0.945017	0.992621	1.00458	1.12427	1.14736	1.07851	1.05264	1.03391	1.04171	1.01983	0.992234	1.04299	1.03279
