	FDK10	J294	J296	J298	J301	J303	J307	J310	J311	J315	J316	J317	J318	J319	J320	J321g	J322	J324	J326	J327	J328	J329	J330	J331	J333	J333-plus	J333a	J334	J335	J338	J339	J340	J341	J342	J343	J344	J345	J345-plus	J346	J347	J348	J349	J350	J351	J351-plus	J352	J353	J354	J355	J355b	J357	J358	J359	J360	J361	J362-young	J363	J363-plus	J364	J365	J366	J366-plus	J367	J367i	J368	J369	J370	J371	J372	J373	J374	J375	J375-rep1	J376	J379	J381	J383	J385	J387	J389	J392	J393	J395	J397	J398	J399	J400	J401	J402	J403	J404	J405	J406	J407	J408	J411	J412	J413	J414	J416	J417	J418	J419	J420	J421	J422	J423	J424	J427	J427a	J431	J432	M1c	M2a	M2b	NAL05	NBJ30	NCD30	NCR13	NDU10	NE10467	NE25923	NE25953	NE35955	NE35959	NE36811	NE37169	NE37647	NE4583	NE67754	NE90535	RA1006	TLC715	TLC720	TLC725	TLC726	TLC775	VMA18	VMG14	VWG14
FDK10	0	0.703956	0.817487	0.870669	0.783172	0.837458	0.753841	0.759189	0.854169	0.768054	0.821219	0.791933	0.868038	0.813074	0.779571	0.793605	0.847715	0.840641	0.807371	0.831042	0.788693	0.862423	0.815278	0.846451	0.858893	0.88639	0.879862	0.808616	0.851608	0.865716	0.768883	0.804095	0.694046	0.852761	0.874608	0.768813	0.82529	0.775083	0.883589	0.854948	0.850822	0.852208	0.749571	0.863549	0.893929	0.856756	0.782862	0.993546	0.757904	0.756165	0.835205	0.798988	0.802525	0.85292	0.821167	0.818953	0.838674	0.850511	0.859409	0.869459	0.878402	0.874329	0.827952	0.767218	0.759997	0.767419	0.767097	0.828957	0.855103	0.879607	0.715429	0.830013	0.74593	0.74161	0.791527	0.803196	0.78847	0.841697	0.764265	0.769353	0.929367	0.706982	0.682727	1.36268	0.802475	0.876861	0.797504	0.946092	0.853449	0.917416	0.893105	0.94701	0.869665	0.925211	0.875598	0.905859	0.858533	0.816841	0.855476	0.927261	0.917391	0.950937	0.782436	0.874425	0.923063	0.961247	0.900355	0.88591	0.862545	0.894276	0.913646	0.890113	0.817971	0.73982	0.721561	0.776896	0.855018	0.687885	0.707415	0.653584	1.28637	1.24996	1.38686	0.782071	1.26272	1.25774	1.23265	1.37146	1.27833	1.22175	0.866009	0.779898	0.801796	0.797129	0.853982	0.812435	0.787702	0.785626	0.776673	0.811649
J294	0.703956	0	0.735174	0.782784	0.710028	0.720115	0.716195	0.710492	0.76796	0.722387	0.746905	0.762784	0.77696	0.728797	0.676687	0.734951	0.764552	0.760338	0.717753	0.755539	0.721268	0.794663	0.750972	0.774032	0.775633	0.798702	0.821023	0.722699	0.754383	0.784177	0.702286	0.72427	0.641339	0.764252	0.793671	0.716511	0.723289	0.6865	0.79784	0.76982	0.764594	0.753318	0.671462	0.780564	0.802085	0.776129	0.729793	0.935515	0.721551	0.710612	0.76225	0.721041	0.732415	0.776578	0.711906	0.74237	0.753221	0.762032	0.796702	0.776295	0.786464	0.786813	0.740586	0.703824	0.716631	0.713045	0.723771	0.758193	0.775539	0.791073	0.656825	0.751352	0.71233	0.687526	0.730176	0.735052	0.732756	0.757194	0.716762	0.724333	0.841629	0.654831	0.656951	1.36105	0.735708	0.792432	0.699432	0.855123	0.770411	0.83388	0.810957	0.865578	0.752869	0.834936	0.798722	0.823881	0.743849	0.725579	0.746504	0.841032	0.872385	0.87214	0.693911	0.76761	0.833584	0.873351	0.790516	0.771528	0.777322	0.80013	0.833784	0.809247	0.766564	0.72301	0.715125	0.813131	0.896107	0.726774	0.694736	0.716019	1.27679	1.25838	1.38573	0.746056	1.25185	1.25222	1.22813	1.37692	1.28545	1.21682	0.868256	0.671783	0.740796	0.73314	0.774582	0.745745	0.724823	0.715695	0.800095	0.837878
J296	0.817487	0.735174	0	0.684196	0.672677	0.704587	0.75016	0.72509	0.698745	0.72897	0.703253	0.740263	0.642248	0.619499	0.689769	0.713304	0.704814	0.687333	0.688917	0.718498	0.701947	0.719649	0.716733	0.733032	0.715784	0.725549	0.770428	0.707552	0.712204	0.711688	0.721661	0.619471	0.745854	0.667899	0.726366	0.71097	0.711963	0.707951	0.663021	0.708683	0.704298	0.743276	0.709557	0.717002	0.72506	0.681126	0.719598	0.88304	0.683474	0.71278	0.645865	0.619677	0.673864	0.716842	0.698516	0.666082	0.707578	0.710396	0.731219	0.632009	0.708395	0.709037	0.66619	0.676725	0.727812	0.713669	0.723783	0.716214	0.714366	0.659274	0.728884	0.64415	0.681717	0.76766	0.709208	0.707152	0.713303	0.682048	0.700364	0.725389	0.730615	0.746222	0.7465	1.36	0.688912	0.702255	0.720251	0.736864	0.721163	0.754259	0.736346	0.756429	0.715801	0.744423	0.735361	0.753453	0.717946	0.738339	0.7274	0.72757	0.795088	0.764724	0.728324	0.734298	0.717271	0.75101	0.735364	0.730549	0.715626	0.731968	0.744282	0.72709	0.654976	0.676895	0.686331	0.874909	0.988878	0.833446	0.771261	0.839225	1.27373	1.28005	1.38494	0.74017	1.24366	1.25709	1.23555	1.38409	1.31404	1.2213	0.921184	0.703115	0.706994	0.69711	0.704469	0.699733	0.697193	0.713175	0.875037	0.915118
J298	0.870669	0.782784	0.684196	0	0.645079	0.699588	0.771846	0.767933	0.698172	0.756659	0.720603	0.745156	0.662447	0.671486	0.713562	0.728485	0.708	0.701058	0.691514	0.730157	0.716373	0.709074	0.725637	0.730433	0.708531	0.705278	0.744461	0.713906	0.69278	0.691514	0.728291	0.673746	0.781111	0.613682	0.712107	0.73854	0.696139	0.713099	0.66925	0.714094	0.713704	0.719461	0.722545	0.699662	0.696551	0.623224	0.741137	0.866223	0.66749	0.716979	0.674757	0.671659	0.662202	0.706209	0.697519	0.635919	0.688588	0.686799	0.725716	0.665727	0.702411	0.702116	0.621561	0.666308	0.755556	0.74399	0.759692	0.711715	0.697824	0.656371	0.759765	0.672013	0.739056	0.806309	0.729314	0.724156	0.735897	0.645069	0.688251	0.748878	0.645589	0.778048	0.783026	1.36119	0.691488	0.674825	0.722766	0.637679	0.723651	0.717537	0.710199	0.652104	0.70133	0.712868	0.715942	0.728939	0.704188	0.73301	0.71341	0.655604	0.75009	0.664412	0.714612	0.696389	0.64202	0.667251	0.708805	0.702113	0.716621	0.713118	0.716974	0.701214	0.683066	0.732364	0.748979	0.921003	1.02953	0.883227	0.824748	0.890037	1.27605	1.28673	1.38574	0.76633	1.24801	1.26258	1.23733	1.38668	1.31825	1.22307	0.946896	0.716923	0.717783	0.720765	0.694826	0.703896	0.725894	0.688948	0.906538	0.947153
J301	0.783172	0.710028	0.672677	0.645079	0	0.705129	0.739293	0.719501	0.70494	0.716195	0.707372	0.725441	0.68231	0.65932	0.693454	0.709992	0.710914	0.70749	0.682618	0.718285	0.696814	0.732754	0.717099	0.735218	0.705722	0.720179	0.768666	0.707866	0.707937	0.715597	0.720987	0.648318	0.717665	0.622271	0.739163	0.697929	0.720756	0.705786	0.711677	0.727624	0.722337	0.745784	0.706986	0.71671	0.730062	0.657549	0.711931	0.895559	0.633304	0.711937	0.681972	0.650346	0.636961	0.723944	0.701569	0.623416	0.729519	0.734365	0.742372	0.68498	0.721422	0.723424	0.604797	0.603169	0.713482	0.689943	0.718523	0.712595	0.720001	0.697156	0.718297	0.68451	0.692062	0.756438	0.697479	0.696394	0.709135	0.651699	0.647085	0.708754	0.720091	0.718411	0.720778	1.35883	0.681645	0.709191	0.709553	0.700526	0.718118	0.767807	0.750025	0.730604	0.728944	0.755125	0.744929	0.771574	0.722415	0.742098	0.740788	0.699327	0.801507	0.738063	0.713616	0.74897	0.690675	0.734823	0.764209	0.750049	0.724379	0.735921	0.771424	0.748168	0.689547	0.680882	0.685478	0.868766	0.963154	0.807255	0.758141	0.800802	1.27377	1.27669	1.38501	0.721408	1.24577	1.25704	1.2369	1.38316	1.31383	1.22299	0.912047	0.68927	0.708129	0.69149	0.712952	0.704568	0.687645	0.705415	0.859503	0.897755
J303	0.837458	0.720115	0.704587	0.699588	0.705129	0	0.730082	0.736105	0.683942	0.768313	0.711154	0.744157	0.671384	0.690668	0.641912	0.736687	0.699728	0.697733	0.648254	0.722331	0.687838	0.728478	0.734745	0.738074	0.687977	0.686698	0.755871	0.656006	0.62175	0.703144	0.693393	0.691158	0.725161	0.679267	0.724056	0.733215	0.646509	0.659803	0.709457	0.737536	0.72763	0.672959	0.675794	0.702253	0.700672	0.706053	0.745021	0.877335	0.725508	0.673844	0.707663	0.686688	0.710415	0.716849	0.620839	0.698626	0.659656	0.659817	0.736863	0.685206	0.695429	0.698409	0.688153	0.721173	0.757635	0.719829	0.763463	0.724019	0.709171	0.683052	0.700599	0.708864	0.760717	0.751027	0.733863	0.717618	0.742455	0.723433	0.745409	0.748251	0.721677	0.716174	0.727883	1.36217	0.713527	0.70891	0.649091	0.707132	0.711326	0.722812	0.721631	0.730226	0.622841	0.695806	0.727997	0.741552	0.60878	0.672617	0.640196	0.702703	0.759894	0.748282	0.657336	0.652097	0.694422	0.725244	0.657432	0.639859	0.715829	0.703863	0.741891	0.732167	0.711903	0.744298	0.760068	0.890785	0.995283	0.851437	0.774858	0.855898	1.28018	1.26698	1.3862	0.782945	1.25322	1.25464	1.23623	1.38268	1.29775	1.21917	0.922381	0.630508	0.729543	0.721017	0.712994	0.726127	0.723169	0.663798	0.874692	0.915042
J307	0.753841	0.716195	0.75016	0.771846	0.739293	0.730082	0	0.743753	0.768247	0.741662	0.758769	0.747893	0.766434	0.746101	0.707439	0.750105	0.76497	0.756924	0.720129	0.768666	0.731008	0.760151	0.765176	0.781254	0.761924	0.777201	0.786393	0.71753	0.732803	0.778655	0.696321	0.739802	0.707894	0.758152	0.788497	0.748371	0.73124	0.710702	0.787135	0.782837	0.780992	0.747109	0.699963	0.778877	0.792102	0.76308	0.740089	0.924601	0.724287	0.683161	0.737238	0.733747	0.752313	0.770527	0.725697	0.756868	0.725451	0.731012	0.757479	0.774428	0.780202	0.781951	0.753252	0.741784	0.750922	0.741157	0.74639	0.759163	0.761721	0.775733	0.703805	0.761083	0.755955	0.750331	0.75413	0.749136	0.75205	0.758456	0.746542	0.749102	0.820959	0.708604	0.709749	1.36272	0.743838	0.783948	0.733683	0.831792	0.780716	0.804785	0.795179	0.827049	0.763295	0.815868	0.793919	0.817575	0.743531	0.703679	0.760339	0.811525	0.814665	0.839612	0.714099	0.768783	0.807388	0.840824	0.780015	0.768741	0.779118	0.796175	0.819978	0.800175	0.747955	0.731717	0.734822	0.833765	0.933474	0.759022	0.735253	0.769989	1.28227	1.25339	1.38657	0.78488	1.25703	1.25241	1.22818	1.37827	1.27746	1.21318	0.887234	0.709976	0.760359	0.754185	0.773944	0.755436	0.750091	0.703036	0.841899	0.879421
J310	0.759189	0.710492	0.72509	0.767933	0.719501	0.736105	0.743753	0	0.724684	0.725704	0.71494	0.741647	0.749709	0.717401	0.711113	0.71541	0.728902	0.731464	0.723152	0.7213	0.731362	0.769681	0.732883	0.741634	0.740289	0.758833	0.795727	0.737988	0.749184	0.757594	0.731322	0.717001	0.711987	0.746735	0.755393	0.71631	0.74939	0.721311	0.783753	0.760526	0.753008	0.779035	0.716701	0.761669	0.779003	0.763306	0.731338	0.917272	0.726451	0.731194	0.752466	0.715397	0.725169	0.748301	0.733662	0.728333	0.75539	0.763463	0.772338	0.752176	0.752877	0.75179	0.735375	0.71963	0.719004	0.698188	0.71445	0.7379	0.760577	0.77122	0.711127	0.744662	0.725849	0.747818	0.727361	0.729761	0.734103	0.757238	0.729895	0.728992	0.817355	0.714453	0.7093	1.36131	0.73219	0.777522	0.729784	0.821165	0.742544	0.798933	0.777688	0.834827	0.766213	0.782993	0.765706	0.774404	0.752348	0.762321	0.758769	0.809261	0.829713	0.845437	0.735094	0.785101	0.799825	0.834564	0.795452	0.780044	0.747543	0.763737	0.789994	0.774423	0.757332	0.734962	0.733415	0.852171	0.933698	0.783366	0.738014	0.772006	1.27769	1.26502	1.38591	0.762004	1.25224	1.2542	1.2306	1.37938	1.29319	1.21852	0.89021	0.706937	0.728395	0.715586	0.751414	0.729564	0.711808	0.737419	0.83851	0.876541
J311	0.854169	0.76796	0.698745	0.698172	0.70494	0.683942	0.768247	0.724684	0	0.696211	0.659775	0.692993	0.679498	0.684887	0.703173	0.684467	0.648651	0.685838	0.677675	0.676911	0.705677	0.712679	0.663291	0.68925	0.643371	0.645096	0.711018	0.706723	0.680993	0.692397	0.735593	0.687906	0.773629	0.684936	0.673266	0.720242	0.711288	0.718774	0.711233	0.71968	0.710708	0.736203	0.731551	0.706375	0.706628	0.703963	0.739534	0.861468	0.722065	0.719491	0.704864	0.683308	0.708088	0.710756	0.691149	0.69545	0.70671	0.706445	0.727109	0.684863	0.655296	0.658681	0.690221	0.71625	0.709217	0.681531	0.70912	0.673277	0.711072	0.694198	0.756499	0.703892	0.7498	0.799127	0.722484	0.715318	0.731372	0.718321	0.740439	0.743961	0.72676	0.769542	0.772718	1.36322	0.718678	0.712539	0.715527	0.722706	0.662568	0.688563	0.679122	0.749233	0.703703	0.667928	0.679995	0.702229	0.693013	0.741274	0.713507	0.715369	0.724015	0.75909	0.725843	0.72731	0.705751	0.74137	0.725706	0.714566	0.671058	0.666524	0.680471	0.655141	0.715055	0.743036	0.75648	0.909898	1.01695	0.870014	0.801724	0.872793	1.2794	1.28748	1.38682	0.777792	1.25306	1.26208	1.23861	1.38628	1.31877	1.22379	0.942336	0.70503	0.714287	0.701983	0.697586	0.706856	0.706291	0.710256	0.9018	0.940384
J315	0.768054	0.722387	0.72897	0.756659	0.716195	0.768313	0.741662	0.725704	0.696211	0	0.702812	0.702471	0.762112	0.720689	0.732627	0.691047	0.713839	0.742297	0.735085	0.720635	0.736754	0.74967	0.683651	0.723073	0.727102	0.747402	0.715747	0.758184	0.775371	0.755582	0.706448	0.719481	0.717861	0.755675	0.736813	0.711176	0.754259	0.73069	0.768805	0.744809	0.744221	0.776123	0.721717	0.765803	0.782017	0.752559	0.724732	0.907957	0.709222	0.732346	0.730064	0.716527	0.729785	0.748249	0.756804	0.738483	0.770301	0.775974	0.754726	0.759543	0.73357	0.73564	0.736694	0.711931	0.685365	0.687198	0.687987	0.69786	0.753104	0.77109	0.732247	0.735719	0.719174	0.769618	0.723364	0.730283	0.723916	0.743611	0.715174	0.725456	0.815281	0.73356	0.735149	1.3627	0.732779	0.772597	0.762939	0.838388	0.730476	0.781246	0.758133	0.847466	0.796548	0.791137	0.74758	0.777065	0.786777	0.755946	0.794613	0.831386	0.798412	0.840665	0.746419	0.797759	0.821666	0.856532	0.818266	0.810626	0.732583	0.758776	0.763194	0.727025	0.742852	0.718202	0.716322	0.864055	0.955484	0.787324	0.768212	0.781169	1.27959	1.28435	1.38672	0.75669	1.25343	1.26595	1.23547	1.38402	1.31867	1.2249	0.911752	0.740786	0.72512	0.713426	0.747972	0.72119	0.714966	0.74343	0.862954	0.899722
J316	0.821219	0.746905	0.703253	0.720603	0.707372	0.711154	0.758769	0.71494	0.659775	0.702812	0	0.705125	0.699733	0.689393	0.704797	0.684261	0.675616	0.699329	0.697599	0.68544	0.713991	0.729455	0.692245	0.693161	0.671993	0.680268	0.730036	0.721918	0.71295	0.71418	0.736056	0.692132	0.751618	0.707859	0.687409	0.71428	0.728302	0.722595	0.733468	0.726625	0.721751	0.75104	0.727892	0.723069	0.730541	0.726061	0.731825	0.882206	0.720774	0.727047	0.719604	0.691052	0.712484	0.72206	0.712215	0.706543	0.73267	0.735519	0.741368	0.708483	0.685166	0.6862	0.70442	0.715445	0.686161	0.661485	0.706101	0.687088	0.72622	0.721592	0.745041	0.713727	0.736715	0.785265	0.719306	0.716063	0.727052	0.725998	0.733852	0.73262	0.759699	0.749121	0.756939	1.36246	0.71896	0.733197	0.723958	0.759235	0.674791	0.710638	0.702813	0.781283	0.734971	0.708525	0.700817	0.719685	0.720566	0.750269	0.730503	0.755729	0.75303	0.790855	0.731113	0.74757	0.746139	0.776973	0.754335	0.741944	0.685137	0.679522	0.712733	0.704491	0.728101	0.737369	0.74509	0.89162	0.997428	0.840799	0.781365	0.838949	1.27798	1.28506	1.38648	0.76845	1.25222	1.26064	1.23476	1.38505	1.31681	1.22129	0.932305	0.707423	0.715257	0.703196	0.711355	0.708616	0.703292	0.723238	0.881988	0.920735
J317	0.791933	0.762784	0.740263	0.745156	0.725441	0.744157	0.747893	0.741647	0.692993	0.702471	0.705125	0	0.747227	0.732661	0.740401	0.689834	0.716338	0.732896	0.724106	0.713795	0.742121	0.724419	0.707113	0.712026	0.704108	0.714881	0.716345	0.756564	0.747649	0.736329	0.738366	0.724341	0.748101	0.734922	0.717505	0.72785	0.746756	0.736485	0.755234	0.766572	0.757492	0.766936	0.742772	0.75313	0.763701	0.737869	0.744846	0.896075	0.676038	0.686628	0.719289	0.718334	0.736482	0.729621	0.751504	0.74018	0.756512	0.759996	0.735866	0.749661	0.733413	0.735127	0.730062	0.72928	0.705912	0.699496	0.708673	0.695768	0.744923	0.739817	0.758938	0.739964	0.745645	0.803507	0.7388	0.734911	0.739392	0.753957	0.732103	0.739136	0.784869	0.753231	0.757965	1.36188	0.734628	0.764251	0.757494	0.79499	0.725947	0.746594	0.736661	0.796589	0.769945	0.74691	0.730648	0.748724	0.764337	0.748282	0.77917	0.782942	0.672886	0.797151	0.739146	0.771145	0.775261	0.807859	0.799	0.780306	0.729244	0.736911	0.734869	0.736002	0.688834	0.679584	0.690414	0.888953	0.978551	0.832885	0.795964	0.817487	1.28187	1.28354	1.38638	0.777204	1.25721	1.26517	1.23959	1.38408	1.31959	1.22766	0.931099	0.740102	0.729719	0.729464	0.738425	0.723348	0.728109	0.738391	0.890799	0.926722
J318	0.868038	0.77696	0.642248	0.662447	0.68231	0.671384	0.766434	0.749709	0.679498	0.762112	0.699733	0.747227	0	0.612285	0.699056	0.734829	0.692635	0.685477	0.676692	0.719697	0.706581	0.711416	0.730518	0.736391	0.685917	0.68166	0.749314	0.700172	0.662455	0.691708	0.734939	0.626281	0.78198	0.651102	0.71425	0.733782	0.701187	0.717739	0.635697	0.719014	0.713129	0.718814	0.726053	0.692632	0.689414	0.674854	0.741432	0.870682	0.709702	0.715836	0.644457	0.62562	0.688166	0.710084	0.677247	0.66942	0.692065	0.690898	0.723893	0.612791	0.682812	0.684028	0.659753	0.702894	0.756004	0.715795	0.760599	0.714565	0.702706	0.626423	0.758411	0.648711	0.719125	0.804202	0.727119	0.718844	0.736887	0.687345	0.732095	0.749395	0.68701	0.773045	0.786543	1.36108	0.698931	0.685044	0.706476	0.671065	0.704686	0.709431	0.710352	0.700083	0.681611	0.685323	0.714151	0.73118	0.667325	0.72684	0.692413	0.672834	0.747289	0.715597	0.718263	0.699661	0.663568	0.690579	0.691386	0.68196	0.704886	0.693481	0.720652	0.713917	0.651357	0.704532	0.723542	0.921036	1.027	0.880014	0.811329	0.892211	1.27813	1.28075	1.38588	0.777687	1.24801	1.25908	1.24008	1.3859	1.31482	1.22398	0.9508	0.696363	0.723468	0.712033	0.698277	0.712128	0.713731	0.701978	0.90846	0.94794
J319	0.813074	0.728797	0.619499	0.671486	0.65932	0.690668	0.746101	0.717401	0.684887	0.720689	0.689393	0.732661	0.612285	0	0.683733	0.706936	0.69309	0.68376	0.675283	0.707312	0.689069	0.712571	0.709964	0.723641	0.699838	0.708141	0.757963	0.698979	0.697028	0.700824	0.712019	0.604203	0.737031	0.658518	0.718437	0.704354	0.703695	0.700885	0.649156	0.702836	0.69903	0.732758	0.70194	0.701787	0.7103	0.672888	0.714798	0.877433	0.677021	0.707078	0.64054	0.614124	0.665587	0.711029	0.686864	0.65364	0.708811	0.711428	0.724385	0.620227	0.69459	0.694324	0.654469	0.668456	0.718908	0.693549	0.720215	0.706159	0.706449	0.647943	0.722648	0.633069	0.673331	0.76253	0.695461	0.699053	0.703574	0.675505	0.692037	0.717179	0.71618	0.735974	0.742217	1.35967	0.681133	0.691524	0.70336	0.719608	0.706762	0.738004	0.725943	0.741827	0.708179	0.726847	0.72301	0.743819	0.701228	0.728133	0.712655	0.718613	0.78075	0.752554	0.717493	0.72607	0.706143	0.739334	0.725859	0.719385	0.704185	0.711984	0.732173	0.718204	0.649214	0.674471	0.684788	0.882329	0.987849	0.833198	0.773106	0.836477	1.27323	1.27894	1.38484	0.737493	1.24406	1.25842	1.23356	1.38428	1.31335	1.21942	0.918231	0.68948	0.698382	0.68861	0.69412	0.687323	0.68712	0.702003	0.868694	0.910108
J320	0.779571	0.676687	0.689769	0.713562	0.693454	0.641912	0.707439	0.711113	0.703173	0.732627	0.704797	0.740401	0.699056	0.683733	0	0.718727	0.708502	0.698338	0.659168	0.719645	0.683634	0.732646	0.723445	0.734883	0.717649	0.728256	0.772351	0.662356	0.669998	0.717286	0.674769	0.68625	0.684406	0.697177	0.732473	0.712712	0.657974	0.650307	0.729208	0.722615	0.716671	0.691353	0.654765	0.72291	0.730464	0.712589	0.718716	0.888211	0.707525	0.667615	0.708698	0.677448	0.701767	0.726423	0.644071	0.694805	0.676268	0.679998	0.740793	0.699619	0.719368	0.72171	0.696867	0.700652	0.725538	0.709164	0.726629	0.718283	0.718174	0.714635	0.67056	0.70615	0.728752	0.712962	0.716163	0.709924	0.715125	0.708336	0.720765	0.722232	0.755201	0.682844	0.690137	1.36138	0.704507	0.724879	0.654685	0.763664	0.721749	0.758337	0.740776	0.781671	0.671963	0.750954	0.742952	0.752135	0.660399	0.682854	0.672354	0.750408	0.798738	0.789656	0.66296	0.686215	0.737026	0.77465	0.688046	0.673006	0.722521	0.731355	0.759116	0.738473	0.71941	0.728339	0.735368	0.852334	0.952728	0.799225	0.725574	0.802278	1.27555	1.26225	1.38539	0.757021	1.24747	1.25018	1.23013	1.38045	1.2914	1.21519	0.891017	0.634246	0.715616	0.706507	0.716126	0.709766	0.707415	0.667243	0.833758	0.874836
J321g	0.793605	0.734951	0.713304	0.728485	0.709992	0.736687	0.750105	0.71541	0.684467	0.691047	0.684261	0.689834	0.734829	0.706936	0.718727	0	0.692711	0.712162	0.708355	0.682386	0.718997	0.736437	0.683995	0.690016	0.696812	0.712108	0.733863	0.730411	0.742408	0.720558	0.731005	0.701786	0.728983	0.725448	0.695743	0.70113	0.729015	0.713575	0.741662	0.73409	0.728636	0.751504	0.718917	0.735604	0.748213	0.734064	0.714712	0.880018	0.706836	0.725424	0.724498	0.698879	0.712502	0.720944	0.733812	0.720108	0.738169	0.743495	0.741506	0.73162	0.713494	0.713568	0.717769	0.710944	0.682342	0.67585	0.686289	0.67958	0.71501	0.722196	0.727238	0.702559	0.704809	0.776252	0.714627	0.715451	0.71764	0.729674	0.715964	0.71105	0.769453	0.7282	0.731253	1.3624	0.709401	0.743564	0.743429	0.793317	0.702711	0.745418	0.725766	0.802102	0.761267	0.736785	0.710573	0.729927	0.757327	0.75665	0.763077	0.786025	0.762635	0.801473	0.729639	0.764214	0.771052	0.80985	0.78323	0.771315	0.710869	0.723831	0.723131	0.717064	0.727724	0.719513	0.722645	0.877937	0.971995	0.820244	0.76678	0.809032	1.27846	1.28227	1.38631	0.752608	1.25238	1.26007	1.23811	1.38297	1.31614	1.22382	0.918366	0.724011	0.710599	0.704005	0.712159	0.702728	0.703177	0.724789	0.86764	0.906213
J322	0.847715	0.764552	0.704814	0.708	0.710914	0.699728	0.76497	0.728902	0.648651	0.713839	0.675616	0.716338	0.692635	0.69309	0.708502	0.692711	0	0.697555	0.689764	0.687916	0.715444	0.721451	0.675236	0.700927	0.667713	0.6706	0.733133	0.710576	0.694143	0.704852	0.737165	0.691336	0.771474	0.697418	0.688631	0.721973	0.713351	0.718156	0.720946	0.718771	0.714831	0.741273	0.728308	0.711863	0.713144	0.710815	0.732436	0.867493	0.72742	0.724915	0.712812	0.692464	0.712884	0.720716	0.695213	0.706265	0.71314	0.714348	0.734492	0.696509	0.659221	0.661467	0.698892	0.721791	0.713866	0.689922	0.702952	0.68327	0.714208	0.706274	0.751811	0.709792	0.752197	0.795875	0.725608	0.71753	0.728407	0.725224	0.744066	0.741625	0.736697	0.767606	0.772364	1.36345	0.720678	0.724083	0.723862	0.736316	0.679056	0.7058	0.691203	0.761931	0.717026	0.677946	0.690734	0.714359	0.709726	0.745622	0.721564	0.737969	0.744706	0.771584	0.732065	0.732344	0.726665	0.757668	0.730248	0.721924	0.678647	0.681488	0.701367	0.67671	0.719729	0.747282	0.758982	0.907223	1.01	0.864471	0.805177	0.869301	1.28023	1.2804	1.38669	0.781804	1.25322	1.2586	1.23847	1.38443	1.31429	1.22327	0.938563	0.710016	0.720949	0.709043	0.707023	0.710341	0.710136	0.716853	0.897218	0.935678
J324	0.840641	0.760338	0.687333	0.701058	0.70749	0.697733	0.756924	0.731464	0.685838	0.742297	0.699329	0.732896	0.685477	0.68376	0.698338	0.712162	0.697555	0	0.686155	0.710744	0.709403	0.652376	0.717242	0.7254	0.693023	0.697843	0.757572	0.713582	0.697921	0.636547	0.732847	0.685373	0.767333	0.686451	0.712308	0.694381	0.712626	0.717014	0.708706	0.68129	0.676322	0.743449	0.724609	0.679397	0.680568	0.706895	0.706792	0.875059	0.718136	0.719465	0.703446	0.676939	0.703509	0.649791	0.69824	0.697371	0.709386	0.71078	0.666805	0.684483	0.696079	0.698069	0.693859	0.716948	0.740395	0.718097	0.737407	0.708387	0.684523	0.696557	0.751911	0.696864	0.739833	0.791823	0.690908	0.688246	0.696235	0.706452	0.733413	0.709724	0.732561	0.765054	0.766329	1.36254	0.713372	0.713267	0.724192	0.737624	0.713827	0.734832	0.722775	0.761458	0.717416	0.716028	0.723395	0.734794	0.710823	0.736769	0.723703	0.72841	0.768757	0.77104	0.731114	0.733933	0.715706	0.749071	0.72372	0.715252	0.713484	0.714376	0.728701	0.716653	0.710799	0.738656	0.750663	0.900794	1.01161	0.864047	0.784888	0.86573	1.2793	1.28694	1.38624	0.771748	1.25083	1.25686	1.22994	1.3854	1.31248	1.21157	0.935581	0.709554	0.654469	0.644168	0.641654	0.643494	0.643276	0.715107	0.889565	0.929762
J326	0.807371	0.717753	0.688917	0.691514	0.682618	0.648254	0.720129	0.723152	0.677675	0.735085	0.697599	0.724106	0.676692	0.675283	0.659168	0.708355	0.689764	0.686155	0	0.70474	0.626076	0.713336	0.709825	0.723879	0.681984	0.688028	0.751048	0.657937	0.638657	0.69272	0.684042	0.670382	0.723536	0.676135	0.714572	0.708987	0.670256	0.673141	0.704884	0.718338	0.712963	0.707135	0.687246	0.704664	0.708408	0.696911	0.730154	0.871591	0.702377	0.674564	0.694183	0.667689	0.690482	0.708284	0.651629	0.686042	0.665769	0.667901	0.724581	0.682825	0.694985	0.697709	0.676911	0.69351	0.733243	0.704687	0.73026	0.702329	0.71125	0.685437	0.711323	0.69134	0.72799	0.755676	0.713449	0.71019	0.725806	0.70756	0.719439	0.729998	0.72488	0.722199	0.725019	1.36136	0.697118	0.704544	0.675449	0.71897	0.706891	0.733055	0.720865	0.748414	0.665788	0.705716	0.719836	0.735564	0.664527	0.701945	0.684901	0.721267	0.766971	0.763318	0.686876	0.692636	0.708532	0.744147	0.693433	0.680073	0.709649	0.705683	0.734538	0.719076	0.701192	0.721826	0.733353	0.874113	0.986346	0.829463	0.758281	0.830805	1.27688	1.27742	1.38591	0.758086	1.24848	1.25663	1.23081	1.38484	1.31256	1.21601	0.907572	0.656121	0.704858	0.693231	0.699331	0.701346	0.692352	0.667836	0.864032	0.905902
J327	0.831042	0.755539	0.718498	0.730157	0.718285	0.722331	0.768666	0.7213	0.676911	0.720635	0.68544	0.713795	0.719697	0.707312	0.719645	0.682386	0.687916	0.710744	0.70474	0	0.71776	0.736802	0.708075	0.686385	0.689999	0.697777	0.753589	0.727479	0.723807	0.725345	0.745029	0.704093	0.763484	0.721487	0.698261	0.72793	0.739587	0.734161	0.744314	0.736969	0.728792	0.765739	0.736884	0.735192	0.742561	0.736317	0.745535	0.888809	0.731712	0.736778	0.731431	0.704492	0.72366	0.730501	0.72499	0.720329	0.738269	0.740955	0.746878	0.721269	0.703314	0.703563	0.714099	0.723918	0.713439	0.696966	0.702369	0.693443	0.74091	0.735827	0.754841	0.723928	0.746501	0.792922	0.730772	0.730054	0.739483	0.739301	0.742888	0.745565	0.769669	0.76417	0.769421	1.36261	0.730482	0.746791	0.731464	0.768153	0.700048	0.739732	0.724718	0.79077	0.738362	0.711084	0.700618	0.695659	0.738839	0.757456	0.743333	0.770519	0.763361	0.801221	0.746885	0.761083	0.75747	0.787451	0.764199	0.751394	0.701037	0.697325	0.721577	0.715043	0.735881	0.746592	0.753511	0.900884	1.00008	0.852007	0.794145	0.850923	1.27856	1.28404	1.38656	0.780821	1.25328	1.26011	1.23731	1.38444	1.31533	1.22369	0.934553	0.719494	0.725915	0.70657	0.722212	0.71655	0.706731	0.736784	0.890205	0.928735
J328	0.788693	0.721268	0.701947	0.716373	0.696814	0.687838	0.731008	0.731362	0.705677	0.736754	0.713991	0.742121	0.706581	0.689069	0.683634	0.718997	0.715444	0.709403	0.626076	0.71776	0	0.733409	0.723272	0.741202	0.712429	0.721557	0.772403	0.67796	0.680967	0.721739	0.694921	0.68548	0.729287	0.702948	0.738167	0.716447	0.700468	0.695431	0.729286	0.733527	0.727001	0.73544	0.694239	0.727064	0.738642	0.716696	0.737674	0.888695	0.710527	0.694817	0.713272	0.68509	0.70412	0.733652	0.686908	0.700038	0.695782	0.699239	0.745954	0.707251	0.718953	0.716604	0.695716	0.70142	0.733227	0.714885	0.733976	0.721269	0.734419	0.720849	0.715462	0.709284	0.726874	0.758837	0.722757	0.722346	0.73087	0.722601	0.723016	0.737561	0.754045	0.732781	0.729677	1.36183	0.713022	0.723562	0.693458	0.754464	0.725325	0.761855	0.743563	0.780378	0.699293	0.741788	0.738476	0.757996	0.699573	0.721619	0.713369	0.756081	0.793024	0.791982	0.711806	0.725997	0.746098	0.780697	0.726521	0.716575	0.726285	0.731181	0.752667	0.736676	0.716662	0.726696	0.733149	0.871249	0.980548	0.821495	0.762606	0.821917	1.27753	1.27801	1.386	0.754996	1.24952	1.26033	1.23453	1.38506	1.31431	1.22046	0.905383	0.684755	0.716331	0.703889	0.719098	0.711923	0.700644	0.690407	0.859288	0.903034
J329	0.862423	0.794663	0.719649	0.709074	0.732754	0.728478	0.760151	0.769681	0.712679	0.74967	0.729455	0.724419	0.711416	0.712571	0.732646	0.736437	0.721451	0.652376	0.713336	0.736802	0.733409	0	0.736178	0.74227	0.718896	0.720303	0.731046	0.73582	0.723921	0.644718	0.731767	0.712039	0.793122	0.715046	0.730695	0.731885	0.718659	0.730971	0.708764	0.699478	0.700027	0.745866	0.743306	0.707358	0.704673	0.704984	0.737564	0.881383	0.715414	0.711462	0.692528	0.710377	0.735073	0.667799	0.724169	0.725785	0.723854	0.723487	0.659056	0.707936	0.717012	0.71928	0.716861	0.743544	0.759994	0.754008	0.747942	0.713917	0.702908	0.71252	0.782272	0.717671	0.771316	0.82198	0.72047	0.71843	0.716715	0.728458	0.75648	0.742889	0.738729	0.79963	0.800452	1.36445	0.740028	0.729828	0.750608	0.750287	0.736386	0.738246	0.724849	0.762543	0.734006	0.734744	0.740734	0.749293	0.739336	0.736264	0.748964	0.756723	0.730108	0.762833	0.754914	0.742361	0.740665	0.766632	0.74433	0.740163	0.729436	0.732033	0.731399	0.722362	0.696373	0.737507	0.754355	0.912853	1.02538	0.876571	0.832094	0.893501	1.28337	1.28682	1.38722	0.802451	1.25533	1.2645	1.23946	1.38729	1.32013	1.22812	0.952866	0.737846	0.668215	0.663905	0.658508	0.654042	0.665944	0.735077	0.916685	0.955323
J330	0.815278	0.750972	0.716733	0.725637	0.717099	0.734745	0.765176	0.732883	0.663291	0.683651	0.692245	0.707113	0.730518	0.709964	0.723445	0.683995	0.675236	0.717242	0.709825	0.708075	0.723272	0.736178	0	0.67857	0.695011	0.707553	0.732505	0.736464	0.739212	0.710961	0.735968	0.706772	0.74844	0.723338	0.693443	0.707632	0.727321	0.71907	0.738995	0.729429	0.724703	0.755665	0.724402	0.732211	0.741695	0.728589	0.727998	0.875824	0.718766	0.727993	0.726171	0.701853	0.718547	0.727606	0.725786	0.722113	0.740986	0.744715	0.751075	0.729378	0.701514	0.70301	0.719325	0.72025	0.700025	0.69245	0.699751	0.685871	0.726914	0.725924	0.737568	0.71211	0.72704	0.781519	0.719884	0.719057	0.720516	0.731077	0.722599	0.728485	0.767443	0.748418	0.748481	1.36324	0.721187	0.740837	0.747335	0.785883	0.703136	0.743832	0.722718	0.804431	0.759418	0.73539	0.703264	0.734463	0.752913	0.762004	0.762046	0.782182	0.770957	0.798281	0.731093	0.757763	0.772027	0.808563	0.776579	0.768744	0.707934	0.722944	0.702013	0.679004	0.730097	0.733153	0.739313	0.889982	0.988692	0.838628	0.792429	0.83003	1.27985	1.28624	1.38656	0.760628	1.2523	1.2638	1.23688	1.38475	1.31792	1.22427	0.925167	0.732541	0.698015	0.715777	0.71068	0.713173	0.714632	0.722012	0.878285	0.916367
J331	0.846451	0.774032	0.733032	0.730433	0.735218	0.738074	0.781254	0.741634	0.68925	0.723073	0.693161	0.712026	0.736391	0.723641	0.734883	0.690016	0.700927	0.7254	0.723879	0.686385	0.741202	0.74227	0.67857	0	0.700427	0.709192	0.736506	0.749081	0.743557	0.717491	0.751641	0.724263	0.772339	0.732225	0.682364	0.735569	0.737215	0.734631	0.742253	0.744263	0.737777	0.762268	0.745528	0.743105	0.748268	0.737306	0.749412	0.885073	0.73526	0.742166	0.741022	0.715649	0.737175	0.728798	0.741093	0.735673	0.743597	0.745798	0.757417	0.734758	0.715658	0.718356	0.731686	0.740449	0.713928	0.707528	0.716107	0.691891	0.740553	0.730001	0.761806	0.723366	0.750027	0.803367	0.739334	0.735968	0.741788	0.740148	0.740778	0.753574	0.769265	0.768093	0.774248	1.36353	0.735061	0.746697	0.752003	0.78685	0.707459	0.73572	0.723562	0.796604	0.758967	0.729008	0.703069	0.702759	0.758011	0.77179	0.763778	0.783898	0.762027	0.794987	0.746827	0.760657	0.768162	0.800506	0.780413	0.76733	0.710895	0.711949	0.69981	0.717221	0.742779	0.754683	0.763593	0.910429	1.00823	0.863919	0.814135	0.858803	1.28037	1.28908	1.38694	0.785299	1.25499	1.26596	1.23989	1.38568	1.31859	1.22627	0.940414	0.737655	0.713676	0.73026	0.717939	0.724335	0.731854	0.738339	0.899378	0.936774
J333	0.858893	0.775633	0.715784	0.708531	0.705722	0.687977	0.761924	0.740289	0.643371	0.727102	0.671993	0.704108	0.685917	0.699838	0.717649	0.696812	0.667713	0.693023	0.681984	0.689999	0.712429	0.718896	0.695011	0.700427	0	0.390321	0.692476	0.711509	0.673948	0.698566	0.748762	0.691789	0.777568	0.686563	0.678652	0.725833	0.71773	0.725751	0.718419	0.737263	0.726727	0.739289	0.740026	0.704676	0.705292	0.714213	0.75102	0.872081	0.726128	0.726663	0.716284	0.693065	0.714525	0.718614	0.699339	0.709104	0.714112	0.716034	0.734771	0.698974	0.667406	0.670354	0.686071	0.719917	0.707177	0.669607	0.729548	0.684751	0.71535	0.695921	0.766286	0.716833	0.760893	0.811063	0.729732	0.718235	0.744621	0.724748	0.749583	0.751748	0.734115	0.769682	0.781455	1.36387	0.725022	0.719867	0.713724	0.715446	0.661736	0.677623	0.672438	0.747901	0.695007	0.670343	0.695766	0.718399	0.694342	0.735863	0.719751	0.718009	0.71963	0.761606	0.728025	0.729037	0.707664	0.740125	0.731316	0.7137	0.662267	0.652867	0.697978	0.685896	0.719174	0.746436	0.76145	0.917048	1.02029	0.877793	0.810523	0.878316	1.28298	1.28883	1.38735	0.792974	1.25804	1.26387	1.23842	1.38602	1.31278	1.22021	0.950583	0.700948	0.722986	0.705938	0.707385	0.717643	0.708986	0.715465	0.910217	0.948672
J333-plus	0.88639	0.798702	0.725549	0.705278	0.720179	0.686698	0.777201	0.758833	0.645096	0.747402	0.680268	0.714881	0.68166	0.708141	0.728256	0.712108	0.6706	0.697843	0.688028	0.697777	0.721557	0.720303	0.707553	0.709192	0.390321	0	0.690087	0.715368	0.667189	0.6986	0.75898	0.700793	0.799991	0.686483	0.6801	0.744499	0.721169	0.738616	0.716407	0.745973	0.735502	0.739603	0.753084	0.704027	0.700331	0.716355	0.76569	0.870427	0.741944	0.735722	0.721255	0.703028	0.728111	0.723489	0.702785	0.717312	0.712334	0.711057	0.738223	0.698519	0.667724	0.668271	0.6931	0.73834	0.725405	0.686263	0.75226	0.692727	0.717172	0.690823	0.783775	0.725182	0.782711	0.829037	0.742543	0.729962	0.759666	0.731215	0.767168	0.768073	0.719641	0.790711	0.803554	1.36416	0.733624	0.716065	0.718287	0.69414	0.666578	0.660916	0.663491	0.725562	0.685284	0.652139	0.691534	0.71167	0.68676	0.73868	0.712142	0.699835	0.702865	0.741777	0.733986	0.71814	0.691596	0.715882	0.714861	0.699908	0.660599	0.644316	0.68848	0.68143	0.723542	0.764124	0.781745	0.935715	1.04425	0.902687	0.831339	0.905235	1.28427	1.28945	1.38736	0.810737	1.25983	1.26377	1.24116	1.3868	1.31447	1.22209	0.964143	0.709509	0.734035	0.720375	0.710228	0.725595	0.724126	0.719332	0.927756	0.966205
J333a	0.879862	0.821023	0.770428	0.744461	0.768666	0.755871	0.786393	0.795727	0.711018	0.715747	0.730036	0.716345	0.749314	0.757963	0.772351	0.733863	0.733133	0.757572	0.751048	0.753589	0.772403	0.731046	0.732505	0.736506	0.692476	0.690087	0	0.767294	0.748524	0.743979	0.713737	0.754104	0.801593	0.747085	0.724144	0.772176	0.742732	0.753305	0.740994	0.783318	0.775031	0.745629	0.764732	0.748098	0.750962	0.75466	0.785024	0.896943	0.746791	0.738776	0.725107	0.75155	0.777616	0.739495	0.760722	0.769873	0.754056	0.754904	0.739481	0.761191	0.731656	0.729977	0.756597	0.783526	0.734188	0.727933	0.763817	0.709029	0.747281	0.739164	0.801401	0.760093	0.795774	0.848574	0.773324	0.766872	0.775916	0.774585	0.782522	0.785469	0.767917	0.804421	0.81932	1.36467	0.76665	0.752204	0.770016	0.77336	0.714035	0.701342	0.706129	0.772882	0.758703	0.732716	0.72861	0.754589	0.752968	0.740931	0.766297	0.769495	0.704961	0.758435	0.747925	0.745126	0.760253	0.78641	0.777335	0.76472	0.721044	0.710606	0.728801	0.720221	0.729525	0.756921	0.774024	0.939116	1.03841	0.898171	0.850091	0.890165	1.28768	1.28566	1.38828	0.824873	1.26474	1.26768	1.24479	1.38729	1.32166	1.23376	0.967208	0.766609	0.758238	0.769329	0.747157	0.749399	0.775705	0.749435	0.935092	0.972436
J334	0.808616	0.722699	0.707552	0.713906	0.707866	0.656006	0.71753	0.737988	0.706723	0.758184	0.721918	0.756564	0.700172	0.698979	0.662356	0.730411	0.710576	0.713582	0.657937	0.727479	0.67796	0.73582	0.736464	0.749081	0.711509	0.715368	0.767294	0	0.638486	0.722539	0.680171	0.69697	0.731257	0.704748	0.738419	0.736818	0.665766	0.669437	0.72413	0.732453	0.728654	0.694222	0.679413	0.718543	0.721493	0.715976	0.73603	0.885658	0.728007	0.672539	0.716463	0.696266	0.719632	0.734463	0.649728	0.707258	0.655609	0.657991	0.744832	0.702231	0.713559	0.714513	0.69867	0.71857	0.749946	0.728318	0.749959	0.729026	0.71465	0.71383	0.695172	0.710458	0.749522	0.744999	0.73179	0.719627	0.731197	0.729066	0.74711	0.74572	0.744478	0.72607	0.721212	1.36358	0.723786	0.726563	0.671912	0.740809	0.726298	0.74623	0.734194	0.766579	0.664518	0.735162	0.743103	0.758946	0.662997	0.705906	0.682176	0.744823	0.78778	0.776512	0.689857	0.696134	0.730123	0.763135	0.687092	0.680291	0.714979	0.722876	0.748081	0.734208	0.725083	0.7507	0.761963	0.874074	0.976214	0.828464	0.760194	0.836219	1.28025	1.26408	1.38632	0.781547	1.25182	1.25351	1.23707	1.38204	1.29515	1.22227	0.908239	0.658437	0.732788	0.719654	0.718198	0.725515	0.721363	0.660113	0.858931	0.901318
J335	0.851608	0.754383	0.712204	0.69278	0.707937	0.62175	0.732803	0.749184	0.680993	0.775371	0.71295	0.747649	0.662455	0.697028	0.669998	0.742408	0.694143	0.697921	0.638657	0.723807	0.680967	0.723921	0.739212	0.743557	0.673948	0.667189	0.748524	0.638486	0	0.699131	0.698974	0.6858	0.759306	0.671465	0.717986	0.74468	0.657935	0.679107	0.704864	0.743389	0.731666	0.678725	0.698271	0.695414	0.689849	0.703008	0.753551	0.872234	0.732419	0.671462	0.705073	0.687789	0.719681	0.715053	0.630993	0.703098	0.644722	0.643972	0.732385	0.680676	0.684318	0.686987	0.682858	0.727452	0.767579	0.724065	0.772765	0.720702	0.705414	0.676058	0.726939	0.712552	0.775858	0.779258	0.740133	0.721046	0.751116	0.723822	0.760756	0.75919	0.707236	0.745185	0.750687	1.3635	0.718409	0.704208	0.659317	0.679591	0.710135	0.704799	0.711148	0.710937	0.624439	0.677007	0.719479	0.738233	0.615432	0.695022	0.652968	0.681283	0.741887	0.730727	0.678027	0.660527	0.673849	0.704099	0.649039	0.63691	0.709027	0.688173	0.728196	0.721065	0.713435	0.756414	0.775567	0.90099	1.01082	0.864178	0.788264	0.872158	1.28209	1.27	1.38685	0.800088	1.25714	1.25568	1.24058	1.38331	1.30046	1.2234	0.93108	0.644791	0.734694	0.713288	0.707534	0.726672	0.723847	0.656901	0.884752	0.925679
J338	0.865716	0.784177	0.711688	0.691514	0.715597	0.703144	0.778655	0.757594	0.692397	0.755582	0.71418	0.736329	0.691708	0.700824	0.717286	0.720558	0.704852	0.636547	0.69272	0.725345	0.721739	0.644718	0.710961	0.717491	0.698566	0.6986	0.743979	0.722539	0.699131	0	0.742117	0.697855	0.781993	0.693049	0.68991	0.706345	0.710405	0.722031	0.700496	0.691867	0.68494	0.734934	0.733934	0.674986	0.672973	0.707059	0.71383	0.863545	0.72993	0.723714	0.704669	0.69288	0.719108	0.65437	0.706408	0.712853	0.710664	0.710686	0.673749	0.695765	0.704014	0.706012	0.701002	0.731957	0.749683	0.731372	0.752066	0.702294	0.67237	0.678589	0.760632	0.700369	0.753241	0.806941	0.696153	0.69335	0.704008	0.715426	0.743449	0.714721	0.712985	0.770432	0.77702	1.36325	0.71415	0.704328	0.731904	0.729699	0.718294	0.72387	0.716256	0.74638	0.716887	0.711073	0.694799	0.715993	0.715334	0.7479	0.730118	0.730785	0.751133	0.751044	0.723454	0.713491	0.716475	0.745971	0.726847	0.720214	0.719828	0.717342	0.712582	0.709689	0.711249	0.747271	0.762414	0.918889	1.02704	0.882372	0.824423	0.883516	1.28021	1.28725	1.38674	0.784742	1.25345	1.26307	1.23956	1.38698	1.31923	1.22513	0.947693	0.722356	0.631868	0.652245	0.611137	0.647018	0.655331	0.704794	0.903644	0.943049
J339	0.768883	0.702286	0.721661	0.728291	0.720987	0.693393	0.696321	0.731322	0.735593	0.706448	0.736056	0.738366	0.734939	0.712019	0.674769	0.731005	0.737165	0.732847	0.684042	0.745029	0.694921	0.731767	0.735968	0.751641	0.748762	0.75898	0.713737	0.680171	0.698974	0.742117	0	0.711827	0.692522	0.731712	0.75531	0.731472	0.674102	0.664008	0.733237	0.744049	0.742419	0.694615	0.66017	0.742509	0.753536	0.729614	0.726519	0.901085	0.70631	0.663485	0.708448	0.711035	0.729783	0.732506	0.68133	0.723817	0.693693	0.698308	0.736353	0.736184	0.748176	0.747469	0.72485	0.723201	0.730323	0.730414	0.734537	0.725714	0.731167	0.738592	0.680741	0.725476	0.740438	0.728355	0.731108	0.725361	0.723522	0.737435	0.727846	0.733491	0.774336	0.701883	0.701403	1.36197	0.719926	0.740091	0.69004	0.79093	0.750581	0.773003	0.758795	0.795827	0.708065	0.780352	0.756248	0.775926	0.699159	0.679288	0.710416	0.788345	0.78764	0.788588	0.678423	0.711199	0.777417	0.809541	0.727202	0.71979	0.743156	0.761465	0.768632	0.7545	0.719421	0.724941	0.732341	0.848797	0.94616	0.787931	0.755721	0.789638	1.27808	1.25683	1.38577	0.76617	1.2513	1.25482	1.23	1.38013	1.28864	1.21842	0.888553	0.675777	0.727692	0.729715	0.736626	0.72019	0.730118	0.673944	0.836497	0.878686
