	FDK10	J294	J296	J298	J301	J303	J307	J310	J311	J315	J316	J317	J318	J319	J320	J321g	J322	J324	J326	J327	J328	J329	J330	J331	J333	J333-plus	J333a	J334	J335	J338	J339	J340	J341	J342	J343	J344	J345	J345-plus	J346	J347	J348	J349	J350	J351	J351-plus	J352	J353	J354	J355	J355b	J357	J358	J359	J360	J361	J362-young	J363	J363-plus	J364	J365	J366	J366-plus	J367	J367i	J368	J369	J370	J371	J372	J373	J374	J375	J375-rep1	J376	J379	J381	J383	J385	J387	J389	J392	J393	J395	J397	J398	J399	J400	J401	J402	J403	J404	J405	J406	J407	J408	J411	J412	J413	J414	J416	J417	J418	J419	J420	J421	J422	J423	J424	J427	J427a	J431	J432	M1c	M2a	M2b	NAL05	NBJ30	NCD30	NCR13	NDU10	NE10467	NE25923	NE25953	NE35955	NE35959	NE36811	NE37169	NE37647	NE4583	NE67754	NE90535	RA1006	TLC715	TLC720	TLC725	TLC726	TLC775	VMA18	VMG14	VWG14
FDK10	3.69586e+09	3.91085e+09	4.94986e+09	5.96678e+09	4.496e+09	5.84673e+09	4.56577e+09	4.08865e+09	5.41909e+09	4.11122e+09	4.82854e+09	4.57547e+09	5.97066e+09	4.98243e+09	5.05027e+09	4.39427e+09	5.35289e+09	5.36328e+09	5.27154e+09	4.84811e+09	4.87217e+09	5.88486e+09	4.55594e+09	4.80166e+09	5.40751e+09	5.89618e+09	5.47617e+09	5.61179e+09	6.42139e+09	5.53201e+09	4.97392e+09	4.86012e+09	3.83457e+09	5.46094e+09	5.41877e+09	4.03797e+09	5.94919e+09	5.07406e+09	6.22493e+09	5.36073e+09	5.3124e+09	6.06538e+09	4.72239e+09	5.38158e+09	6.05033e+09	5.75033e+09	4.27842e+09	5.30197e+09	4.51758e+09	5.35521e+09	5.38389e+09	4.82635e+09	4.64819e+09	5.4099e+09	5.89026e+09	4.93262e+09	6.30102e+09	6.58296e+09	5.63204e+09	6.0137e+09	5.84083e+09	5.68247e+09	5.11371e+09	4.29795e+09	4.04845e+09	4.08007e+09	4.1754e+09	4.94691e+09	5.40741e+09	5.96024e+09	4.12022e+09	5.09211e+09	3.78153e+09	3.01605e+09	4.33538e+09	4.56399e+09	4.45645e+09	5.07998e+09	4.07535e+09	4.09636e+09	6.95713e+09	3.85782e+09	3.7862e+09	4.29523e+06	4.61106e+09	5.73478e+09	5.23455e+09	7.26867e+09	5.20738e+09	6.47274e+09	6.10792e+09	6.87458e+09	6.47065e+09	6.55966e+09	5.32027e+09	5.81642e+09	6.22904e+09	5.43105e+09	5.94525e+09	6.47376e+09	6.69643e+09	7.13405e+09	4.87825e+09	6.53918e+09	6.70444e+09	7.29718e+09	7.24098e+09	6.80861e+09	5.5213e+09	6.04037e+09	6.14486e+09	6.08686e+09	5.39396e+09	4.1803e+09	3.92533e+09	1.62846e+09	7.35569e+08	2.25534e+09	3.3312e+09	2.73674e+09	3.04859e+07	5.80114e+07	1.35054e+06	3.27415e+09	5.42121e+07	5.69877e+07	7.08149e+07	1.76787e+06	4.69162e+07	9.09064e+07	1.15607e+09	5.10519e+09	4.50167e+09	4.65562e+09	5.33771e+09	4.87301e+09	4.50879e+09	5.27478e+09	1.61209e+09	1.14292e+09
J294	3.91085e+09	7.31364e+09	7.63133e+09	9.37572e+09	6.82279e+09	9.38226e+09	6.67104e+09	6.04075e+09	8.46231e+09	6.06252e+09	7.38955e+09	6.6489e+09	9.4086e+09	7.68914e+09	7.86886e+09	6.58601e+09	8.31798e+09	8.29464e+09	8.16742e+09	7.4439e+09	7.36017e+09	9.01832e+09	6.89236e+09	7.37221e+09	8.42698e+09	9.30358e+09	8.33239e+09	8.66578e+09	1.01396e+10	8.61919e+09	7.48353e+09	7.45314e+09	5.64425e+09	8.54585e+09	8.45608e+09	5.99352e+09	9.37115e+09	7.79827e+09	9.79228e+09	8.36297e+09	8.28881e+09	9.59587e+09	7.15581e+09	8.39389e+09	9.61513e+09	8.93037e+09	6.36686e+09	8.28276e+09	6.59475e+09	7.88574e+09	8.25134e+09	7.38013e+09	7.05767e+09	8.3542e+09	9.33294e+09	7.56297e+09	9.79373e+09	1.02954e+10	8.57499e+09	9.50226e+09	9.24024e+09	8.93422e+09	7.94352e+09	6.44552e+09	5.95144e+09	6.06696e+09	6.14242e+09	7.55428e+09	8.38457e+09	9.39573e+09	6.10923e+09	7.84282e+09	5.50013e+09	4.46892e+09	6.51322e+09	6.917e+09	6.65448e+09	7.8937e+09	6.01776e+09	6.03764e+09	1.11251e+10	5.6838e+09	5.44604e+09	6.22959e+06	6.97775e+09	8.99078e+09	8.15612e+09	1.17414e+10	8.10213e+09	1.02553e+10	9.59252e+09	1.09645e+10	1.04894e+10	1.05093e+10	8.26523e+09	9.16583e+09	1.00376e+10	8.44691e+09	9.51462e+09	1.03247e+10	1.00751e+10	1.13514e+10	7.50862e+09	1.05048e+10	1.07227e+10	1.18035e+10	1.17767e+10	1.10721e+10	8.63117e+09	9.62644e+09	9.67938e+09	9.53684e+09	8.05223e+09	5.98008e+09	5.55637e+09	2.19629e+09	9.7607e+08	3.05832e+09	4.74163e+09	3.64054e+09	4.59348e+07	7.76677e+07	1.97695e+06	4.78841e+09	8.14012e+07	8.28244e+07	1.01923e+08	2.17352e+06	6.27045e+07	1.30907e+08	1.6212e+09	7.99146e+09	6.77169e+09	7.01914e+09	8.27278e+09	7.3866e+09	6.77989e+09	7.98355e+09	2.20781e+09	1.55591e+09
J296	4.94986e+09	7.63133e+09	1.49523e+10	1.48034e+10	1.00923e+10	1.36155e+10	9.21905e+09	8.51623e+09	1.29708e+10	8.61239e+09	1.10297e+10	9.73378e+09	1.52947e+10	1.20973e+10	1.11208e+10	9.61916e+09	1.26309e+10	1.27415e+10	1.19971e+10	1.10502e+10	1.07194e+10	1.39651e+10	1.01998e+10	1.1006e+10	1.28183e+10	1.43916e+10	1.26375e+10	1.25723e+10	1.51247e+10	1.32889e+10	1.05043e+10	1.16739e+10	7.33386e+09	1.341e+10	1.29937e+10	8.61536e+09	1.35467e+10	1.09321e+10	1.60239e+10	1.27257e+10	1.25933e+10	1.38645e+10	9.88419e+09	1.28234e+10	1.49401e+10	1.40338e+10	9.19526e+09	1.28477e+10	9.77043e+09	1.12521e+10	1.31607e+10	1.15213e+10	1.06591e+10	1.2708e+10	1.35134e+10	1.16158e+10	1.46552e+10	1.55093e+10	1.31594e+10	1.55624e+10	1.43282e+10	1.38507e+10	1.21769e+10	9.4452e+09	8.41715e+09	8.66959e+09	8.78257e+09	1.12705e+10	1.27699e+10	1.53031e+10	8.17914e+09	1.23827e+10	8.08915e+09	5.90196e+09	9.50448e+09	1.01628e+10	9.69777e+09	1.21423e+10	8.73896e+09	8.62389e+09	1.80566e+10	7.46462e+09	7.163e+09	9.07965e+06	1.0433e+10	1.41182e+10	1.14338e+10	1.92794e+10	1.21898e+10	1.60847e+10	1.48953e+10	1.78966e+10	1.55679e+10	1.66754e+10	1.26613e+10	1.42076e+10	1.47278e+10	1.19246e+10	1.38699e+10	1.67952e+10	1.59044e+10	1.85332e+10	1.03901e+10	1.55529e+10	1.74507e+10	1.95879e+10	1.78693e+10	1.6525e+10	1.31556e+10	1.48213e+10	1.53381e+10	1.49157e+10	1.28065e+10	8.92421e+09	8.16009e+09	2.89573e+09	1.19173e+09	3.87842e+09	6.27851e+09	4.53476e+09	6.70639e+07	9.63883e+07	2.90453e+06	6.88815e+09	1.21891e+08	1.15072e+08	1.40315e+08	2.51701e+06	7.04887e+07	1.83246e+08	2.14186e+09	1.11087e+10	1.00089e+10	1.03899e+10	1.27049e+10	1.10482e+10	9.95244e+09	1.14428e+10	2.86539e+09	1.99263e+09
J298	5.96678e+09	9.37572e+09	1.48034e+10	2.4982e+10	1.33517e+10	1.76813e+10	1.16428e+10	1.05304e+10	1.67747e+10	1.08204e+10	1.40228e+10	1.25188e+10	1.94416e+10	1.49874e+10	1.40597e+10	1.22511e+10	1.62777e+10	1.62641e+10	1.54709e+10	1.41208e+10	1.36677e+10	1.82351e+10	1.30702e+10	1.42632e+10	1.66839e+10	1.89686e+10	1.67919e+10	1.61529e+10	1.99074e+10	1.75026e+10	1.34895e+10	1.44343e+10	9.12616e+09	1.81087e+10	1.70294e+10	1.08383e+10	1.77716e+10	1.40617e+10	2.06021e+10	1.63645e+10	1.61336e+10	1.83523e+10	1.26174e+10	1.68494e+10	1.98423e+10	1.90318e+10	1.16334e+10	1.70072e+10	1.2807e+10	1.44857e+10	1.66013e+10	1.42737e+10	1.39166e+10	1.65934e+10	1.74833e+10	1.53933e+10	1.92781e+10	2.04891e+10	1.71027e+10	1.95658e+10	1.86248e+10	1.80201e+10	1.6321e+10	1.23195e+10	1.05754e+10	1.08739e+10	1.09426e+10	1.46311e+10	1.6765e+10	1.98289e+10	1.02413e+10	1.56353e+10	9.90111e+09	7.29983e+09	1.2048e+10	1.29232e+10	1.226e+10	1.61969e+10	1.14217e+10	1.08852e+10	2.52024e+10	9.32433e+09	8.90026e+09	1.14834e+07	1.34542e+10	1.87065e+10	1.47429e+10	2.72521e+10	1.57181e+10	2.15761e+10	1.97531e+10	2.55137e+10	2.04002e+10	2.22399e+10	1.66819e+10	1.88305e+10	1.92878e+10	1.54967e+10	1.81737e+10	2.31786e+10	2.16028e+10	2.63825e+10	1.36109e+10	2.08499e+10	2.41097e+10	2.74135e+10	2.37047e+10	2.19535e+10	1.69885e+10	1.95143e+10	2.03729e+10	1.97641e+10	1.61574e+10	1.09505e+10	9.9273e+09	3.49199e+09	1.41677e+09	4.68499e+09	7.62248e+09	5.46407e+09	8.53322e+07	1.18676e+08	3.65272e+06	8.6619e+09	1.53789e+08	1.43843e+08	1.79678e+08	2.97646e+06	8.74166e+07	2.3484e+08	2.65306e+09	1.41719e+10	1.28049e+10	1.31323e+10	1.65695e+10	1.42255e+10	1.25173e+10	1.51277e+10	3.53536e+09	2.44347e+09
J301	4.496e+09	6.82279e+09	1.00923e+10	1.33517e+10	1.13781e+10	1.18711e+10	8.13262e+09	7.46964e+09	1.12497e+10	7.60729e+09	9.58435e+09	8.6181e+09	1.28961e+10	1.02203e+10	9.66854e+09	8.41761e+09	1.0955e+10	1.09102e+10	1.05247e+10	9.64141e+09	9.39541e+09	1.20257e+10	8.89447e+09	9.57979e+09	1.12893e+10	1.26204e+10	1.10453e+10	1.0964e+10	1.32473e+10	1.1549e+10	9.16926e+09	9.95309e+09	6.58036e+09	1.21411e+10	1.11904e+10	7.60783e+09	1.17175e+10	9.55586e+09	1.33789e+10	1.08994e+10	1.07975e+10	1.20632e+10	8.64325e+09	1.11894e+10	1.29684e+10	1.24937e+10	8.08069e+09	1.1003e+10	8.89035e+09	9.82341e+09	1.11327e+10	9.80813e+09	9.58916e+09	1.10092e+10	1.17548e+10	1.0491e+10	1.25153e+10	1.32159e+10	1.13506e+10	1.29838e+10	1.23435e+10	1.19161e+10	1.11549e+10	8.74235e+09	7.44567e+09	7.73169e+09	7.70067e+09	9.86579e+09	1.10791e+10	1.29112e+10	7.20934e+09	1.04363e+10	6.99109e+09	5.21088e+09	8.38241e+09	8.95457e+09	8.49329e+09	1.08715e+10	7.98581e+09	7.64465e+09	1.59153e+10	6.6954e+09	6.41194e+09	8.08816e+06	9.16046e+09	1.22357e+10	1.0077e+10	1.74209e+10	1.0665e+10	1.3829e+10	1.28124e+10	1.60316e+10	1.3407e+10	1.4385e+10	1.09376e+10	1.21546e+10	1.27918e+10	1.03624e+10	1.19374e+10	1.50524e+10	1.37699e+10	1.66247e+10	9.19436e+09	1.33651e+10	1.56065e+10	1.73733e+10	1.51258e+10	1.41314e+10	1.13788e+10	1.28779e+10	1.29992e+10	1.27364e+10	1.08409e+10	7.75752e+09	7.12373e+09	2.54794e+09	1.09066e+09	3.49463e+09	5.55514e+09	4.14819e+09	5.84879e+07	8.60765e+07	2.52755e+06	6.12221e+09	1.05097e+08	1.00413e+08	1.21535e+08	2.26255e+06	6.16164e+07	1.58547e+08	1.89559e+09	9.81449e+09	8.72175e+09	9.1101e+09	1.09942e+10	9.59431e+09	8.75763e+09	1.00556e+10	2.55413e+09	1.78529e+09
J303	5.84673e+09	9.38226e+09	1.36155e+10	1.76813e+10	1.18711e+10	2.1937e+10	1.13975e+10	1.02027e+10	1.59236e+10	1.00133e+10	1.32605e+10	1.17431e+10	1.80791e+10	1.38075e+10	1.40333e+10	1.13863e+10	1.53719e+10	1.52877e+10	1.50495e+10	1.33348e+10	1.31528e+10	1.67693e+10	1.21372e+10	1.32635e+10	1.59336e+10	1.80809e+10	1.5549e+10	1.59421e+10	1.98007e+10	1.62265e+10	1.30675e+10	1.33181e+10	9.07047e+09	1.60829e+10	1.57744e+10	1.02111e+10	1.73857e+10	1.38233e+10	1.86163e+10	1.49846e+10	1.49148e+10	1.79487e+10	1.23464e+10	1.57512e+10	1.85231e+10	1.66159e+10	1.0858e+10	1.569e+10	1.13772e+10	1.41223e+10	1.50985e+10	1.31992e+10	1.24883e+10	1.53925e+10	1.74775e+10	1.36681e+10	1.85268e+10	1.96563e+10	1.58492e+10	1.80248e+10	1.75659e+10	1.69443e+10	1.44674e+10	1.09796e+10	9.88811e+09	1.04389e+10	1.02126e+10	1.35483e+10	1.55443e+10	1.8158e+10	1.01797e+10	1.417e+10	9.07076e+09	7.27678e+09	1.12387e+10	1.21874e+10	1.14122e+10	1.41501e+10	1.01284e+10	1.02069e+10	2.20647e+10	9.31684e+09	8.84126e+09	1.05657e+07	1.2351e+10	1.69942e+10	1.47603e+10	2.40403e+10	1.49055e+10	2.0115e+10	1.83076e+10	2.22687e+10	2.0434e+10	2.11763e+10	1.54493e+10	1.74227e+10	1.95794e+10	1.53644e+10	1.81621e+10	2.08351e+10	2.0035e+10	2.2843e+10	1.34274e+10	2.03081e+10	2.15962e+10	2.43543e+10	2.32542e+10	2.17125e+10	1.59316e+10	1.84472e+10	1.86239e+10	1.79757e+10	1.47436e+10	1.01379e+10	9.19447e+09	3.42781e+09	1.42554e+09	4.58865e+09	7.57477e+09	5.37293e+09	7.76898e+07	1.27501e+08	3.3686e+06	7.96897e+09	1.39865e+08	1.41424e+08	1.69354e+08	3.1899e+06	9.86691e+07	2.24227e+08	2.58937e+09	1.43208e+10	1.18616e+10	1.23029e+10	1.52652e+10	1.30487e+10	1.17611e+10	1.4492e+10	3.47241e+09	2.41386e+09
J307	4.56577e+09	6.67104e+09	9.21905e+09	1.16428e+10	8.13262e+09	1.13975e+10	1.10066e+10	7.17083e+09	1.0378e+10	7.29528e+09	8.95293e+09	8.28601e+09	1.16764e+10	9.26886e+09	9.38677e+09	7.95492e+09	1.01996e+10	1.02126e+10	9.99644e+09	9.00406e+09	8.94288e+09	1.14971e+10	8.32849e+09	8.97143e+09	1.04937e+10	1.16972e+10	1.0651e+10	1.06844e+10	1.27178e+10	1.06396e+10	9.23136e+09	9.00232e+09	6.53278e+09	1.05525e+10	1.04356e+10	7.1218e+09	1.14062e+10	9.35501e+09	1.21623e+10	1.01121e+10	9.98633e+09	1.18484e+10	8.557e+09	1.03168e+10	1.19339e+10	1.11129e+10	7.73007e+09	1.03444e+10	8.06856e+09	9.92151e+09	1.039e+10	8.9406e+09	8.48332e+09	1.03173e+10	1.12973e+10	9.13879e+09	1.23589e+10	1.30421e+10	1.09892e+10	1.16812e+10	1.14161e+10	1.10207e+10	9.61779e+09	7.61874e+09	7.05384e+09	7.23873e+09	7.36555e+09	9.25774e+09	1.04421e+10	1.17279e+10	7.18915e+09	9.52263e+09	6.45779e+09	5.15815e+09	7.7965e+09	8.364e+09	8.00362e+09	9.67071e+09	7.16591e+09	7.22353e+09	1.4011e+10	6.64731e+09	6.37363e+09	7.4063e+06	8.48946e+09	1.11371e+10	9.68055e+09	1.48507e+10	9.82644e+09	1.30406e+10	1.19899e+10	1.41522e+10	1.27261e+10	1.32039e+10	1.01964e+10	1.13324e+10	1.23178e+10	1.05825e+10	1.15035e+10	1.31437e+10	1.33311e+10	1.4551e+10	9.03886e+09	1.28705e+10	1.35874e+10	1.51326e+10	1.46205e+10	1.36243e+10	1.05672e+10	1.18642e+10	1.20821e+10	1.18264e+10	1.00753e+10	7.27324e+09	6.68558e+09	2.62593e+09	1.12902e+09	3.6297e+09	5.59475e+09	4.22526e+09	5.42144e+07	9.815e+07	2.35489e+06	5.63235e+09	9.68665e+07	1.01492e+08	1.25002e+08	2.57136e+06	8.14562e+07	1.63327e+08	1.93565e+09	9.46956e+09	8.13915e+09	8.42653e+09	1.01559e+10	8.97031e+09	8.10712e+09	9.91215e+09	2.57175e+09	1.80382e+09
J310	4.08865e+09	6.04075e+09	8.51623e+09	1.05304e+10	7.46964e+09	1.02027e+10	7.17083e+09	8.92706e+09	9.77748e+09	6.67616e+09	8.42857e+09	7.51048e+09	1.07044e+10	8.59035e+09	8.42424e+09	7.41755e+09	9.53545e+09	9.44161e+09	8.97617e+09	8.51507e+09	8.05102e+09	1.02481e+10	7.75707e+09	8.43038e+09	9.66693e+09	1.07473e+10	9.48966e+09	9.42935e+09	1.12635e+10	9.80435e+09	8.03948e+09	8.29278e+09	5.86054e+09	9.61803e+09	9.74669e+09	6.62298e+09	1.00839e+10	8.33941e+09	1.09954e+10	9.33286e+09	9.27132e+09	1.031e+10	7.58533e+09	9.46796e+09	1.09087e+10	1.00057e+10	7.02335e+09	9.42585e+09	7.251e+09	8.53931e+09	9.21137e+09	8.1983e+09	7.85365e+09	9.5147e+09	1.0094e+10	8.4747e+09	1.07955e+10	1.13569e+10	9.73901e+09	1.07751e+10	1.05908e+10	1.02558e+10	8.82258e+09	7.01459e+09	6.56015e+09	6.79705e+09	6.84784e+09	8.52385e+09	9.41559e+09	1.06148e+10	6.4299e+09	8.72523e+09	5.99744e+09	4.65755e+09	7.216e+09	7.68254e+09	7.342e+09	8.72063e+09	6.56349e+09	6.63983e+09	1.26743e+10	5.95323e+09	5.74247e+09	6.85012e+06	7.73638e+09	1.01026e+10	8.75223e+09	1.3554e+10	9.21965e+09	1.18258e+10	1.10152e+10	1.26202e+10	1.14249e+10	1.23598e+10	9.47778e+09	1.07326e+10	1.09921e+10	8.986e+09	1.03773e+10	1.18695e+10	1.17836e+10	1.30052e+10	7.97409e+09	1.13824e+10	1.2347e+10	1.37388e+10	1.29369e+10	1.21175e+10	9.84603e+09	1.10805e+10	1.12766e+10	1.09684e+10	8.98479e+09	6.52891e+09	6.02948e+09	2.30865e+09	1.0164e+09	3.18267e+09	5.02453e+09	3.79681e+09	5.04326e+07	8.23573e+07	2.17108e+06	5.20214e+09	8.97302e+07	9.04549e+07	1.11213e+08	2.24509e+06	6.52997e+07	1.43479e+08	1.73562e+09	8.55274e+09	7.57536e+09	7.88966e+09	9.37065e+09	8.29571e+09	7.58547e+09	8.63315e+09	2.3263e+09	1.6312e+09
J311	5.41909e+09	8.46231e+09	1.29708e+10	1.67747e+10	1.12497e+10	1.59236e+10	1.0378e+10	9.77748e+09	1.96934e+10	1.01982e+10	1.31564e+10	1.16921e+10	1.70085e+10	1.31507e+10	1.26063e+10	1.13378e+10	1.52288e+10	1.46424e+10	1.39071e+10	1.31777e+10	1.22592e+10	1.61349e+10	1.22866e+10	1.31687e+10	1.56841e+10	1.77524e+10	1.54109e+10	1.44398e+10	1.78634e+10	1.55275e+10	1.18897e+10	1.26559e+10	8.17061e+09	1.51616e+10	1.56648e+10	9.79956e+09	1.55568e+10	1.24169e+10	1.76089e+10	1.44514e+10	1.43654e+10	1.60265e+10	1.11033e+10	1.48665e+10	1.74528e+10	1.57742e+10	1.03458e+10	1.51993e+10	1.08162e+10	1.28301e+10	1.43433e+10	1.25439e+10	1.18585e+10	1.46695e+10	1.56135e+10	1.29883e+10	1.68327e+10	1.78657e+10	1.5164e+10	1.70834e+10	1.72384e+10	1.66269e+10	1.3682e+10	1.04527e+10	9.83543e+09	1.02489e+10	1.02227e+10	1.34535e+10	1.47014e+10	1.70322e+10	9.12458e+09	1.34888e+10	8.69412e+09	6.53663e+09	1.07692e+10	1.1573e+10	1.09347e+10	1.34739e+10	9.64557e+09	9.71389e+09	2.08019e+10	8.35688e+09	7.9936e+09	9.81334e+06	1.16445e+10	1.60462e+10	1.3182e+10	2.24396e+10	1.4756e+10	1.96821e+10	1.80443e+10	2.06947e+10	1.80726e+10	2.05674e+10	1.5311e+10	1.71541e+10	1.73027e+10	1.36443e+10	1.61343e+10	1.95056e+10	1.96933e+10	2.13985e+10	1.19534e+10	1.7974e+10	2.02482e+10	2.2705e+10	2.07058e+10	1.92635e+10	1.5725e+10	1.80728e+10	1.87093e+10	1.82749e+10	1.39272e+10	9.61794e+09	8.74494e+09	3.15515e+09	1.29233e+09	4.23863e+09	6.95976e+09	4.97345e+09	7.40162e+07	1.04776e+08	3.12193e+06	7.59425e+09	1.32646e+08	1.28111e+08	1.58457e+08	2.68022e+06	7.72071e+07	2.07781e+08	2.37395e+09	1.27259e+10	1.14073e+10	1.18701e+10	1.46743e+10	1.25952e+10	1.13255e+10	1.31688e+10	3.16175e+09	2.1946e+09
J315	4.11122e+09	6.06252e+09	8.61239e+09	1.08204e+10	7.60729e+09	1.00133e+10	7.29528e+09	6.67616e+09	1.01982e+10	9.20007e+09	8.6553e+09	7.92195e+09	1.07252e+10	8.69296e+09	8.37433e+09	7.7035e+09	9.82339e+09	9.48044e+09	9.00505e+09	8.64991e+09	8.12905e+09	1.06283e+10	8.25021e+09	8.71879e+09	9.94443e+09	1.10423e+10	1.04857e+10	9.37371e+09	1.11171e+10	9.97438e+09	8.3607e+09	8.39845e+09	5.91601e+09	9.67308e+09	1.00865e+10	6.75663e+09	1.01848e+10	8.38805e+09	1.13492e+10	9.63219e+09	9.49845e+09	1.05005e+10	7.66307e+09	9.56891e+09	1.10368e+10	1.02743e+10	7.17675e+09	9.70932e+09	7.48471e+09	8.65893e+09	9.56777e+09	8.31367e+09	7.93652e+09	9.65962e+09	1.00053e+10	8.51616e+09	1.07849e+10	1.13726e+10	1.00763e+10	1.08537e+10	1.09668e+10	1.05857e+10	8.94456e+09	7.174e+09	6.87185e+09	6.96967e+09	7.12497e+09	8.99498e+09	9.63455e+09	1.07774e+10	6.39432e+09	8.93877e+09	6.12832e+09	4.61967e+09	7.35438e+09	7.79508e+09	7.5292e+09	8.97989e+09	6.75971e+09	6.7642e+09	1.28994e+10	5.93133e+09	5.68421e+09	6.77447e+06	7.84916e+09	1.0312e+10	8.58539e+09	1.3463e+10	9.47442e+09	1.22516e+10	1.14231e+10	1.26026e+10	1.12091e+10	1.24314e+10	9.80831e+09	1.08634e+10	1.07466e+10	9.18461e+09	1.0123e+10	1.17244e+10	1.24272e+10	1.32852e+10	8.00205e+09	1.13878e+10	1.22081e+10	1.35498e+10	1.27796e+10	1.18714e+10	1.0149e+10	1.13087e+10	1.17941e+10	1.17008e+10	9.26005e+09	6.73858e+09	6.22473e+09	2.30616e+09	9.94189e+08	3.21648e+09	4.94137e+09	3.81536e+09	5.05225e+07	7.33006e+07	2.14103e+06	5.31111e+09	9.04672e+07	8.5456e+07	1.1011e+08	1.97893e+06	5.28258e+07	1.41245e+08	1.70532e+09	8.39893e+09	7.71524e+09	8.02601e+09	9.54706e+09	8.49132e+09	7.67735e+09	8.7106e+09	2.28587e+09	1.6006e+09
J316	4.82854e+09	7.38955e+09	1.10297e+10	1.40228e+10	9.58435e+09	1.32605e+10	8.95293e+09	8.42857e+09	1.31564e+10	8.6553e+09	1.43599e+10	9.87266e+09	1.42603e+10	1.11841e+10	1.07484e+10	9.68328e+09	1.27101e+10	1.23506e+10	1.16643e+10	1.11678e+10	1.03861e+10	1.35545e+10	1.02278e+10	1.12051e+10	1.3075e+10	1.47129e+10	1.29183e+10	1.2152e+10	1.48115e+10	1.2992e+10	1.01481e+10	1.07658e+10	7.14415e+09	1.26768e+10	1.321e+10	8.41632e+09	1.30664e+10	1.05636e+10	1.47132e+10	1.22566e+10	1.21371e+10	1.34782e+10	9.51583e+09	1.24929e+10	1.4562e+10	1.31869e+10	8.90337e+09	1.26059e+10	9.24775e+09	1.08751e+10	1.20769e+10	1.06371e+10	1.0084e+10	1.23908e+10	1.30737e+10	1.09771e+10	1.40158e+10	1.48297e+10	1.27645e+10	1.42742e+10	1.43449e+10	1.38625e+10	1.15314e+10	8.93265e+09	8.57914e+09	8.90513e+09	8.75426e+09	1.13486e+10	1.23709e+10	1.41725e+10	7.88552e+09	1.14116e+10	7.52449e+09	5.67178e+09	9.22454e+09	9.87526e+09	9.37752e+09	1.14196e+10	8.29161e+09	8.39089e+09	1.71722e+10	7.29328e+09	6.94331e+09	8.50194e+06	9.94073e+09	1.34279e+10	1.11645e+10	1.84596e+10	1.24684e+10	1.64667e+10	1.50805e+10	1.70691e+10	1.49711e+10	1.69313e+10	1.28298e+10	1.44069e+10	1.43965e+10	1.15434e+10	1.35505e+10	1.59916e+10	1.63281e+10	1.76407e+10	1.0154e+10	1.50365e+10	1.66152e+10	1.86656e+10	1.71726e+10	1.60091e+10	1.32624e+10	1.52591e+10	1.5509e+10	1.49387e+10	1.17423e+10	8.26051e+09	7.5569e+09	2.76993e+09	1.14848e+09	3.76497e+09	6.08419e+09	4.44561e+09	6.38383e+07	9.10968e+07	2.69876e+06	6.552e+09	1.13818e+08	1.10372e+08	1.38071e+08	2.38874e+06	6.72339e+07	1.79587e+08	2.06143e+09	1.08425e+10	9.73183e+09	1.01247e+10	1.237e+10	1.07374e+10	9.69827e+09	1.11052e+10	2.78027e+09	1.93544e+09
J317	4.57547e+09	6.6489e+09	9.73378e+09	1.25188e+10	8.6181e+09	1.17431e+10	8.28601e+09	7.51048e+09	1.16921e+10	7.92195e+09	9.87266e+09	1.2022e+10	1.24542e+10	9.82032e+09	9.49796e+09	8.81572e+09	1.12024e+10	1.0941e+10	1.04068e+10	9.9534e+09	9.24187e+09	1.24639e+10	9.2302e+09	1.00736e+10	1.16219e+10	1.30391e+10	1.19795e+10	1.07337e+10	1.30918e+10	1.16311e+10	9.26365e+09	9.55499e+09	6.56079e+09	1.12969e+10	1.17523e+10	7.59962e+09	1.17341e+10	9.53295e+09	1.3164e+10	1.07602e+10	1.07082e+10	1.2125e+10	8.5772e+09	1.10874e+10	1.28737e+10	1.19241e+10	8.03946e+09	1.13013e+10	8.81866e+09	1.03369e+10	1.10535e+10	9.48695e+09	9.01168e+09	1.12532e+10	1.15014e+10	9.7182e+09	1.2513e+10	1.32285e+10	1.17448e+10	1.25372e+10	1.25383e+10	1.2107e+10	1.0293e+10	8.06342e+09	7.70861e+09	7.87824e+09	7.99056e+09	1.03022e+10	1.11076e+10	1.27341e+10	7.11074e+09	1.01742e+10	6.82222e+09	5.08085e+09	8.27847e+09	8.86953e+09	8.47473e+09	1.01552e+10	7.59997e+09	7.62718e+09	1.52829e+10	6.64458e+09	6.34607e+09	7.86532e+06	8.95589e+09	1.18956e+10	9.87144e+09	1.62309e+10	1.08791e+10	1.45387e+10	1.3352e+10	1.53464e+10	1.32044e+10	1.4914e+10	1.14068e+10	1.28027e+10	1.25943e+10	1.05838e+10	1.17773e+10	1.42033e+10	1.61313e+10	1.60235e+10	9.21581e+09	1.34163e+10	1.47359e+10	1.648e+10	1.49508e+10	1.40579e+10	1.16403e+10	1.3224e+10	1.38856e+10	1.3256e+10	1.11506e+10	7.98316e+09	7.29002e+09	2.54442e+09	1.08984e+09	3.48016e+09	5.47466e+09	4.17921e+09	5.68228e+07	8.42863e+07	2.47815e+06	5.9374e+09	1.01127e+08	9.81724e+07	1.23161e+08	2.25747e+06	5.98263e+07	1.59277e+08	1.88992e+09	9.60769e+09	8.77943e+09	9.0323e+09	1.1021e+10	9.68616e+09	8.66433e+09	1.00086e+10	2.51138e+09	1.75389e+09
J318	5.97066e+09	9.4086e+09	1.52947e+10	1.94416e+10	1.28961e+10	1.80791e+10	1.16764e+10	1.07044e+10	1.70085e+10	1.07252e+10	1.42603e+10	1.24542e+10	2.48312e+10	1.56752e+10	1.42099e+10	1.21369e+10	1.64615e+10	1.64472e+10	1.56297e+10	1.42236e+10	1.37541e+10	1.81396e+10	1.29679e+10	1.41354e+10	1.69836e+10	1.93235e+10	1.66572e+10	1.6314e+10	2.03839e+10	1.74466e+10	1.33597e+10	1.4965e+10	9.08969e+09	1.75277e+10	1.69432e+10	1.08576e+10	1.76355e+10	1.39568e+10	2.11193e+10	1.62379e+10	1.60937e+10	1.83084e+10	1.2536e+10	1.69073e+10	1.99115e+10	1.81853e+10	1.15947e+10	1.68507e+10	1.22908e+10	1.44579e+10	1.69794e+10	1.47793e+10	1.3563e+10	1.64828e+10	1.77514e+10	1.49261e+10	1.91593e+10	2.03517e+10	1.70816e+10	2.03547e+10	1.89031e+10	1.82645e+10	1.57782e+10	1.18869e+10	1.05384e+10	1.11496e+10	1.08989e+10	1.45471e+10	1.66388e+10	2.0253e+10	1.02252e+10	1.58979e+10	1.00685e+10	7.29607e+09	1.20377e+10	1.29511e+10	1.22107e+10	1.55737e+10	1.09226e+10	1.08465e+10	2.42502e+10	9.34789e+09	8.83805e+09	1.14736e+07	1.33223e+10	1.84822e+10	1.493e+10	2.64247e+10	1.59581e+10	2.16784e+10	1.96905e+10	2.43886e+10	2.07063e+10	2.27451e+10	1.66602e+10	1.87317e+10	1.98759e+10	1.5545e+10	1.84775e+10	2.27717e+10	2.16004e+10	2.51107e+10	1.35221e+10	2.07242e+10	2.3611e+10	2.67739e+10	2.40179e+10	2.22923e+10	1.71272e+10	1.98156e+10	2.0239e+10	1.94696e+10	1.65531e+10	1.12157e+10	1.01549e+10	3.48126e+09	1.42028e+09	4.69253e+09	7.72587e+09	5.43008e+09	8.38591e+07	1.23593e+08	3.62474e+06	8.52854e+09	1.5332e+08	1.46526e+08	1.76536e+08	3.05034e+06	9.01582e+07	2.331e+08	2.62728e+09	1.44054e+10	1.26957e+10	1.32033e+10	1.64671e+10	1.40726e+10	1.26278e+10	1.49028e+10	3.51424e+09	2.43279e+09
J319	4.98243e+09	7.68914e+09	1.20973e+10	1.49874e+10	1.02203e+10	1.38075e+10	9.26886e+09	8.59035e+09	1.31507e+10	8.69296e+09	1.11841e+10	9.82032e+09	1.56752e+10	1.49873e+10	1.11944e+10	9.68884e+09	1.27836e+10	1.27974e+10	1.21576e+10	1.11821e+10	1.08595e+10	1.40771e+10	1.02781e+10	1.1122e+10	1.30281e+10	1.46525e+10	1.28237e+10	1.26883e+10	1.53594e+10	1.34411e+10	1.06149e+10	1.18227e+10	7.409e+09	1.35333e+10	1.31101e+10	8.6795e+09	1.36689e+10	1.10176e+10	1.62297e+10	1.28108e+10	1.267e+10	1.40296e+10	9.96687e+09	1.30249e+10	1.51726e+10	1.41523e+10	9.24879e+09	1.29669e+10	9.83789e+09	1.13264e+10	1.32331e+10	1.15837e+10	1.07481e+10	1.2794e+10	1.36736e+10	1.17521e+10	1.46552e+10	1.55122e+10	1.32642e+10	1.57243e+10	1.45304e+10	1.40582e+10	1.23124e+10	9.52448e+09	8.50084e+09	8.84461e+09	8.82355e+09	1.13922e+10	1.28814e+10	1.5466e+10	8.23919e+09	1.25078e+10	8.15857e+09	5.94176e+09	9.63835e+09	1.0252e+10	9.79888e+09	1.22269e+10	8.8164e+09	8.70338e+09	1.83353e+10	7.55202e+09	7.20308e+09	9.14509e+06	1.05182e+10	1.42751e+10	1.1633e+10	1.96349e+10	1.23737e+10	1.63765e+10	1.50684e+10	1.81921e+10	1.56998e+10	1.69935e+10	1.28326e+10	1.43675e+10	1.49807e+10	1.20614e+10	1.40866e+10	1.69629e+10	1.6186e+10	1.8797e+10	1.05131e+10	1.56992e+10	1.76574e+10	1.98484e+10	1.80605e+10	1.6727e+10	1.33148e+10	1.51311e+10	1.55459e+10	1.50635e+10	1.28828e+10	8.95365e+09	8.18095e+09	2.8685e+09	1.19551e+09	3.88419e+09	6.27312e+09	4.55621e+09	6.73706e+07	9.72551e+07	2.9185e+06	6.91501e+09	1.21763e+08	1.14289e+08	1.41935e+08	2.50436e+06	7.10406e+07	1.8511e+08	2.15449e+09	1.12619e+10	1.01015e+10	1.0483e+10	1.28422e+10	1.11872e+10	1.00559e+10	1.15777e+10	2.89445e+09	2.01065e+09
J320	5.05027e+09	7.86886e+09	1.11208e+10	1.40597e+10	9.66854e+09	1.40333e+10	9.38677e+09	8.42424e+09	1.26063e+10	8.37433e+09	1.07484e+10	9.49796e+09	1.42099e+10	1.11944e+10	1.42406e+10	9.33855e+09	1.22839e+10	1.23105e+10	1.20159e+10	1.0772e+10	1.06373e+10	1.34551e+10	9.88938e+09	1.07209e+10	1.24871e+10	1.40074e+10	1.2307e+10	1.27761e+10	1.53372e+10	1.28993e+10	1.07051e+10	1.07781e+10	7.5929e+09	1.27504e+10	1.26039e+10	8.39387e+09	1.38753e+10	1.12261e+10	1.47144e+10	1.22538e+10	1.21463e+10	1.42268e+10	1.01279e+10	1.24428e+10	1.45024e+10	1.33048e+10	8.98143e+09	1.24441e+10	9.32696e+09	1.14399e+10	1.21531e+10	1.07224e+10	1.0144e+10	1.22865e+10	1.38254e+10	1.10512e+10	1.47154e+10	1.55635e+10	1.27189e+10	1.43332e+10	1.38368e+10	1.33534e+10	1.15642e+10	9.02068e+09	8.23286e+09	8.49713e+09	8.54704e+09	1.09771e+10	1.24166e+10	1.42088e+10	8.4257e+09	1.14461e+10	7.55317e+09	6.09046e+09	9.21409e+09	9.89204e+09	9.44764e+09	1.15677e+10	8.36464e+09	8.44225e+09	1.71826e+10	7.74199e+09	7.38278e+09	8.64037e+06	1.00367e+10	1.34829e+10	1.18375e+10	1.82957e+10	1.18894e+10	1.56296e+10	1.44713e+10	1.69906e+10	1.58141e+10	1.61638e+10	1.22613e+10	1.38845e+10	1.51409e+10	1.22681e+10	1.42448e+10	1.60144e+10	1.54552e+10	1.75914e+10	1.07673e+10	1.58879e+10	1.6701e+10	1.86359e+10	1.82437e+10	1.70152e+10	1.27531e+10	1.44732e+10	1.47377e+10	1.43914e+10	1.17935e+10	8.30088e+09	7.60041e+09	2.91523e+09	1.24289e+09	3.94699e+09	6.42547e+09	4.63267e+09	6.46478e+07	1.05839e+08	2.79173e+06	6.60543e+09	1.16463e+08	1.16937e+08	1.40802e+08	2.74951e+06	8.36397e+07	1.84065e+08	2.18951e+09	1.15042e+10	9.68797e+09	1.00512e+10	1.22623e+10	1.06811e+10	9.62058e+09	1.16419e+10	2.95617e+09	2.06523e+09
J321g	4.39427e+09	6.58601e+09	9.61916e+09	1.22511e+10	8.41761e+09	1.13863e+10	7.95492e+09	7.41755e+09	1.13378e+10	7.7035e+09	9.68328e+09	8.81572e+09	1.21369e+10	9.68884e+09	9.33855e+09	1.11316e+10	1.10209e+10	1.07437e+10	1.01672e+10	9.85951e+09	9.10037e+09	1.18508e+10	9.07224e+09	9.89373e+09	1.12593e+10	1.25803e+10	1.13304e+10	1.061e+10	1.2666e+10	1.13685e+10	8.98028e+09	9.39482e+09	6.43693e+09	1.09735e+10	1.15429e+10	7.5027e+09	1.14962e+10	9.38221e+09	1.28471e+10	1.07114e+10	1.06139e+10	1.1861e+10	8.45217e+09	1.08632e+10	1.25925e+10	1.15182e+10	7.97145e+09	1.11338e+10	8.25158e+09	9.59027e+09	1.05824e+10	9.29849e+09	8.87827e+09	1.09213e+10	1.12699e+10	9.54016e+09	1.22719e+10	1.29512e+10	1.12369e+10	1.22882e+10	1.23029e+10	1.18994e+10	1.00246e+10	7.89864e+09	7.57928e+09	7.74408e+09	7.84927e+09	1.00589e+10	1.10114e+10	1.24708e+10	7.06872e+09	1.01539e+10	6.834e+09	5.0445e+09	8.15847e+09	8.69976e+09	8.3327e+09	1.00178e+10	7.42986e+09	7.54494e+09	1.49607e+10	6.55928e+09	6.27696e+09	7.49351e+06	8.83285e+09	1.16988e+10	9.63946e+09	1.56486e+10	1.07044e+10	1.40069e+10	1.29885e+10	1.46719e+10	1.2826e+10	1.45006e+10	1.11929e+10	1.25574e+10	1.22102e+10	1.00953e+10	1.15347e+10	1.36195e+10	1.42299e+10	1.53406e+10	8.95315e+09	1.30077e+10	1.42457e+10	1.582e+10	1.46501e+10	1.36629e+10	1.14028e+10	1.28917e+10	1.35182e+10	1.29964e+10	1.03423e+10	7.40286e+09	6.80514e+09	2.48777e+09	1.06157e+09	3.40238e+09	5.44385e+09	4.063e+09	5.6018e+07	8.18578e+07	2.39031e+06	5.86731e+09	1.00121e+08	9.75143e+07	1.19448e+08	2.25154e+06	5.95925e+07	1.56194e+08	1.85639e+09	9.39504e+09	8.60659e+09	8.90747e+09	1.08827e+10	9.50616e+09	8.53972e+09	9.76264e+09	2.49816e+09	1.74328e+09
J322	5.35289e+09	8.31798e+09	1.26309e+10	1.62777e+10	1.0955e+10	1.53719e+10	1.01996e+10	9.53545e+09	1.52288e+10	9.82339e+09	1.27101e+10	1.12024e+10	1.64615e+10	1.27836e+10	1.22839e+10	1.10209e+10	1.88871e+10	1.41876e+10	1.34733e+10	1.27794e+10	1.18947e+10	1.56679e+10	1.19091e+10	1.2759e+10	1.50506e+10	1.70169e+10	1.47696e+10	1.40897e+10	1.7288e+10	1.50323e+10	1.16253e+10	1.23557e+10	8.02062e+09	1.46807e+10	1.51332e+10	9.58069e+09	1.52051e+10	1.21673e+10	1.70841e+10	1.4165e+10	1.4013e+10	1.56144e+10	1.09087e+10	1.44835e+10	1.69865e+10	1.53483e+10	1.02046e+10	1.47617e+10	1.05368e+10	1.24984e+10	1.39414e+10	1.21836e+10	1.15604e+10	1.42291e+10	1.5234e+10	1.25924e+10	1.63842e+10	1.73653e+10	1.47415e+10	1.65543e+10	1.68263e+10	1.62447e+10	1.32931e+10	1.01816e+10	9.58944e+09	9.96166e+09	1.00695e+10	1.30597e+10	1.43543e+10	1.64941e+10	8.9801e+09	1.31366e+10	8.49297e+09	6.42582e+09	1.05142e+10	1.13094e+10	1.07402e+10	1.31066e+10	9.41103e+09	9.5358e+09	2.01704e+10	8.20133e+09	7.83131e+09	9.56715e+06	1.13815e+10	1.55397e+10	1.28052e+10	2.16802e+10	1.4246e+10	1.89714e+10	1.7481e+10	1.99964e+10	1.74761e+10	1.99672e+10	1.48507e+10	1.66077e+10	1.66835e+10	1.33026e+10	1.5678e+10	1.86805e+10	1.88888e+10	2.06744e+10	1.1634e+10	1.75143e+10	1.94339e+10	2.18609e+10	2.01865e+10	1.87312e+10	1.5298e+10	1.74695e+10	1.79781e+10	1.75696e+10	1.35777e+10	9.37785e+09	8.54132e+09	3.1027e+09	1.28408e+09	4.18306e+09	6.78795e+09	4.89451e+09	7.20598e+07	1.08055e+08	3.07195e+06	7.40381e+09	1.29779e+08	1.28162e+08	1.55291e+08	2.797e+06	7.90307e+07	2.03997e+08	2.33968e+09	1.24042e+10	1.10997e+10	1.15478e+10	1.42449e+10	1.22941e+10	1.1051e+10	1.28153e+10	3.11786e+09	2.16622e+09
J324	5.36328e+09	8.29464e+09	1.27415e+10	1.62641e+10	1.09102e+10	1.52877e+10	1.02126e+10	9.44161e+09	1.46424e+10	9.48044e+09	1.23506e+10	1.0941e+10	1.64472e+10	1.27974e+10	1.23105e+10	1.07437e+10	1.41876e+10	1.8612e+10	1.34184e+10	1.24207e+10	1.1876e+10	1.6551e+10	1.13742e+10	1.23727e+10	1.46095e+10	1.64862e+10	1.42964e+10	1.39466e+10	1.71021e+10	1.58319e+10	1.15906e+10	1.23315e+10	7.9981e+09	1.47195e+10	1.4696e+10	9.76199e+09	1.51044e+10	1.20917e+10	1.71597e+10	1.45588e+10	1.4411e+10	1.54657e+10	1.08686e+10	1.48125e+10	1.73756e+10	1.52928e+10	1.03855e+10	1.44989e+10	1.05552e+10	1.24732e+10	1.39625e+10	1.22636e+10	1.15781e+10	1.50524e+10	1.50805e+10	1.26043e+10	1.63226e+10	1.72972e+10	1.5584e+10	1.66134e+10	1.61703e+10	1.56124e+10	1.32571e+10	1.01548e+10	9.27291e+09	9.63142e+09	9.66646e+09	1.26687e+10	1.46464e+10	1.65222e+10	8.91351e+09	1.3199e+10	8.53932e+09	6.40886e+09	1.07855e+10	1.1538e+10	1.09942e+10	1.3248e+10	9.44388e+09	9.76834e+09	2.01064e+10	8.16394e+09	7.82549e+09	9.66454e+06	1.13783e+10	1.55886e+10	1.27075e+10	2.14932e+10	1.36967e+10	1.83083e+10	1.68443e+10	1.98603e+10	1.73418e+10	1.91381e+10	1.42951e+10	1.61585e+10	1.65442e+10	1.33253e+10	1.55309e+10	1.87225e+10	1.82785e+10	2.05355e+10	1.15599e+10	1.73585e+10	1.94989e+10	2.18982e+10	2.01686e+10	1.87148e+10	1.47077e+10	1.68233e+10	1.73841e+10	1.68117e+10	1.35946e+10	9.39205e+09	8.55364e+09	3.11044e+09	1.27044e+09	4.15491e+09	6.89914e+09	4.88292e+09	7.20049e+07	1.02277e+08	3.09838e+06	7.43235e+09	1.30622e+08	1.28562e+08	1.61123e+08	2.68698e+06	7.98212e+07	2.13959e+08	2.33417e+09	1.23189e+10	1.16992e+10	1.21355e+10	1.49718e+10	1.29428e+10	1.16339e+10	1.2743e+10	3.13048e+09	2.17148e+09
J326	5.27154e+09	8.16742e+09	1.19971e+10	1.54709e+10	1.05247e+10	1.50495e+10	9.99644e+09	8.97617e+09	1.39071e+10	9.00505e+09	1.16643e+10	1.04068e+10	1.56297e+10	1.21576e+10	1.20159e+10	1.01672e+10	1.34733e+10	1.34184e+10	1.65479e+10	1.17783e+10	1.20307e+10	1.4781e+10	1.08014e+10	1.16839e+10	1.39132e+10	1.5685e+10	1.35734e+10	1.38238e+10	1.69703e+10	1.42293e+10	1.14457e+10	1.17821e+10	7.89052e+09	1.40069e+10	1.38272e+10	9.08048e+09	1.48014e+10	1.18695e+10	1.62386e+10	1.32643e+10	1.314e+10	1.51137e+10	1.06147e+10	1.36495e+10	1.59715e+10	1.45546e+10	9.57357e+09	1.37384e+10	1.01029e+10	1.22579e+10	1.32788e+10	1.16569e+10	1.10489e+10	1.34786e+10	1.48113e+10	1.20079e+10	1.60077e+10	1.69549e+10	1.3935e+10	1.56883e+10	1.52626e+10	1.47261e+10	1.26916e+10	9.7882e+09	8.8071e+09	9.1984e+09	9.18036e+09	1.20137e+10	1.3474e+10	1.57371e+10	8.75267e+09	1.25087e+10	8.14826e+09	6.28924e+09	9.95845e+09	1.06606e+10	1.0079e+10	1.24787e+10	9.02848e+09	9.03108e+09	1.91038e+10	8.04477e+09	7.7006e+09	9.3164e+06	1.08938e+10	1.48207e+10	1.25362e+10	2.06446e+10	1.30003e+10	1.72941e+10	1.59125e+10	1.89864e+10	1.71382e+10	1.82236e+10	1.3526e+10	1.52244e+10	1.62644e+10	1.29967e+10	1.51866e+10	1.77783e+10	1.72687e+10	1.95266e+10	1.13667e+10	1.70276e+10	1.85122e+10	2.07538e+10	1.95703e+10	1.82286e+10	1.3919e+10	1.59945e+10	1.62965e+10	1.5815e+10	1.2935e+10	9.00563e+09	8.20964e+09	3.04975e+09	1.25984e+09	4.10081e+09	6.69834e+09	4.82236e+09	6.90519e+07	1.03284e+08	2.95582e+06	7.11242e+09	1.24833e+08	1.21388e+08	1.5126e+08	2.58279e+06	7.52087e+07	1.97656e+08	2.30197e+09	1.21822e+10	1.05506e+10	1.09691e+10	1.34297e+10	1.16053e+10	1.05165e+10	1.25433e+10	3.06114e+09	2.12652e+09
J327	4.84811e+09	7.4439e+09	1.10502e+10	1.41208e+10	9.64141e+09	1.33348e+10	9.00406e+09	8.51507e+09	1.31777e+10	8.64991e+09	1.11678e+10	9.9534e+09	1.42236e+10	1.11821e+10	1.0772e+10	9.85951e+09	1.27794e+10	1.24207e+10	1.17783e+10	1.48377e+10	1.05192e+10	1.3677e+10	1.0245e+10	1.146e+10	1.30802e+10	1.47209e+10	1.28187e+10	1.22852e+10	1.48985e+10	1.30639e+10	1.02216e+10	1.08232e+10	7.17106e+09	1.27185e+10	1.32958e+10	8.44214e+09	1.31323e+10	1.06155e+10	1.4792e+10	1.23307e+10	1.22521e+10	1.34878e+10	9.58617e+09	1.25471e+10	1.46235e+10	1.3268e+10	8.9251e+09	1.26912e+10	9.29946e+09	1.09475e+10	1.21341e+10	1.06794e+10	1.01401e+10	1.24908e+10	1.3126e+10	1.1012e+10	1.41668e+10	1.49915e+10	1.29018e+10	1.43327e+10	1.43415e+10	1.38688e+10	1.16147e+10	9.00561e+09	8.50297e+09	8.77281e+09	8.92986e+09	1.14696e+10	1.2391e+10	1.42043e+10	7.93409e+09	1.14858e+10	7.57245e+09	5.715e+09	9.27158e+09	9.90164e+09	9.41414e+09	1.14544e+10	8.35146e+09	8.41779e+09	1.72685e+10	7.29628e+09	6.96364e+09	8.61856e+06	9.99096e+09	1.34617e+10	1.12647e+10	1.85847e+10	1.23892e+10	1.6266e+10	1.50111e+10	1.71645e+10	1.51661e+10	1.71689e+10	1.30439e+10	1.49806e+10	1.43704e+10	1.16454e+10	1.35965e+10	1.59987e+10	1.6416e+10	1.77164e+10	1.01573e+10	1.50684e+10	1.669e+10	1.87508e+10	1.72732e+10	1.61148e+10	1.32871e+10	1.52637e+10	1.56308e+10	1.50339e+10	1.18435e+10	8.31789e+09	7.61449e+09	2.77683e+09	1.16129e+09	3.77094e+09	6.09496e+09	4.44842e+09	6.46255e+07	9.32981e+07	2.73471e+06	6.56954e+09	1.14984e+08	1.12555e+08	1.3849e+08	2.47857e+06	6.93482e+07	1.80441e+08	2.08767e+09	1.08948e+10	9.79032e+09	1.02592e+10	1.24431e+10	1.08322e+10	9.82654e+09	1.11372e+10	2.79247e+09	1.94211e+09
J328	4.87217e+09	7.36017e+09	1.07194e+10	1.36677e+10	9.39541e+09	1.31528e+10	8.94288e+09	8.05102e+09	1.22592e+10	8.12905e+09	1.03861e+10	9.24187e+09	1.37541e+10	1.08595e+10	1.06373e+10	9.10037e+09	1.18947e+10	1.1876e+10	1.20307e+10	1.05192e+10	1.35305e+10	1.31053e+10	9.6413e+09	1.03834e+10	1.22329e+10	1.37439e+10	1.19956e+10	1.22867e+10	1.48071e+10	1.25193e+10	1.02483e+10	1.05132e+10	7.09457e+09	1.23621e+10	1.22154e+10	8.15265e+09	1.30267e+10	1.05213e+10	1.43417e+10	1.1816e+10	1.17208e+10	1.32944e+10	9.53761e+09	1.20792e+10	1.40204e+10	1.29178e+10	8.5917e+09	1.21213e+10	9.06564e+09	1.08851e+10	1.17947e+10	1.0381e+10	9.86616e+09	1.18904e+10	1.29916e+10	1.07204e+10	1.40949e+10	1.49086e+10	1.23322e+10	1.3872e+10	1.34928e+10	1.30808e+10	1.12842e+10	8.78662e+09	7.96389e+09	8.2375e+09	8.27048e+09	1.06689e+10	1.19107e+10	1.37671e+10	7.88326e+09	1.11241e+10	7.37614e+09	5.66795e+09	8.92413e+09	9.52758e+09	9.06824e+09	1.11219e+10	8.13553e+09	8.10452e+09	1.67691e+10	7.19867e+09	6.93121e+09	8.35077e+06	9.70469e+09	1.31595e+10	1.11547e+10	1.80095e+10	1.15486e+10	1.51777e+10	1.40656e+10	1.65856e+10	1.50418e+10	1.59057e+10	1.20064e+10	1.34504e+10	1.42558e+10	1.15338e+10	1.33753e+10	1.55172e+10	1.51656e+10	1.71014e+10	1.00437e+10	1.49177e+10	1.61289e+10	1.80433e+10	1.71491e+10	1.59365e+10	1.23852e+10	1.41102e+10	1.4464e+10	1.40535e+10	1.15263e+10	8.10444e+09	7.42503e+09	2.76887e+09	1.15185e+09	3.74532e+09	6.02898e+09	4.40949e+09	6.21603e+07	9.30111e+07	2.66408e+06	6.45245e+09	1.12214e+08	1.0734e+08	1.34188e+08	2.31806e+06	6.68814e+07	1.75018e+08	2.08856e+09	1.07462e+10	9.43685e+09	9.82154e+09	1.19184e+10	1.039e+10	9.43728e+09	1.11184e+10	2.78607e+09	1.93135e+09
J329	5.88486e+09	9.01832e+09	1.39651e+10	1.82351e+10	1.20257e+10	1.67693e+10	1.14971e+10	1.02481e+10	1.61349e+10	1.06283e+10	1.35545e+10	1.24639e+10	1.81396e+10	1.40771e+10	1.34551e+10	1.18508e+10	1.56679e+10	1.6551e+10	1.4781e+10	1.3677e+10	1.31053e+10	2.3751e+10	1.26109e+10	1.3742e+10	1.6107e+10	1.82317e+10	1.65971e+10	1.54142e+10	1.88474e+10	1.77672e+10	1.31076e+10	1.35911e+10	8.77742e+09	1.6192e+10	1.63063e+10	1.0639e+10	1.69639e+10	1.34736e+10	1.93834e+10	1.61775e+10	1.59351e+10	1.74274e+10	1.20493e+10	1.63112e+10	1.92019e+10	1.73066e+10	1.13844e+10	1.62313e+10	1.19551e+10	1.41992e+10	1.59325e+10	1.34368e+10	1.26846e+10	1.67482e+10	1.66204e+10	1.38581e+10	1.81835e+10	1.93015e+10	1.77208e+10	1.83672e+10	1.79103e+10	1.7286e+10	1.46559e+10	1.11715e+10	1.0263e+10	1.04927e+10	1.08024e+10	1.4236e+10	1.62698e+10	1.83871e+10	9.74224e+09	1.46205e+10	9.33053e+09	6.98316e+09	1.185e+10	1.26713e+10	1.21825e+10	1.46508e+10	1.04175e+10	1.06795e+10	2.25724e+10	8.86973e+09	8.50555e+09	1.05215e+07	1.25195e+10	1.73275e+10	1.39761e+10	2.39657e+10	1.51329e+10	2.06107e+10	1.89895e+10	2.24091e+10	1.92727e+10	2.12247e+10	1.58708e+10	1.79845e+10	1.81722e+10	1.50607e+10	1.71024e+10	2.05447e+10	2.14973e+10	2.34058e+10	1.27436e+10	1.94421e+10	2.14888e+10	2.42797e+10	2.23166e+10	2.06263e+10	1.63581e+10	1.86787e+10	1.95853e+10	1.88864e+10	1.55657e+10	1.06221e+10	9.62527e+09	3.44906e+09	1.39393e+09	4.61197e+09	7.36377e+09	5.30049e+09	7.9007e+07	1.1564e+08	3.37824e+06	8.10703e+09	1.43743e+08	1.38572e+08	1.73228e+08	2.83836e+06	8.3624e+07	2.23354e+08	2.56027e+09	1.35353e+10	1.30631e+10	1.34856e+10	1.66795e+10	1.44947e+10	1.28964e+10	1.41151e+10	3.39303e+09	2.34893e+09
J330	4.55594e+09	6.89236e+09	1.01998e+10	1.30702e+10	8.89447e+09	1.21372e+10	8.32849e+09	7.75707e+09	1.22866e+10	8.25021e+09	1.02278e+10	9.2302e+09	1.29679e+10	1.02781e+10	9.88938e+09	9.07224e+09	1.19091e+10	1.13742e+10	1.08014e+10	1.0245e+10	9.6413e+09	1.26109e+10	1.25988e+10	1.06338e+10	1.19982e+10	1.34417e+10	1.20704e+10	1.12192e+10	1.35189e+10	1.22067e+10	9.50632e+09	9.94824e+09	6.71398e+09	1.16985e+10	1.2306e+10	7.93338e+09	1.22509e+10	9.92868e+09	1.37048e+10	1.14486e+10	1.13357e+10	1.25634e+10	8.94396e+09	1.15964e+10	1.34871e+10	1.2321e+10	8.37138e+09	1.1916e+10	8.67905e+09	1.01769e+10	1.12397e+10	9.86506e+09	9.39051e+09	1.1543e+10	1.20857e+10	1.01296e+10	1.30183e+10	1.3761e+10	1.18368e+10	1.31022e+10	1.32375e+10	1.27863e+10	1.06488e+10	8.32819e+09	7.93487e+09	8.11739e+09	8.24864e+09	1.06416e+10	1.15796e+10	1.32187e+10	7.4428e+09	1.07055e+10	7.11649e+09	5.33515e+09	8.63554e+09	9.22318e+09	8.84016e+09	1.06427e+10	7.85364e+09	7.89198e+09	1.59511e+10	6.83643e+09	6.56164e+09	7.84548e+06	9.29108e+09	1.24807e+10	1.02138e+10	1.67905e+10	1.13835e+10	1.49258e+10	1.38594e+10	1.55658e+10	1.36721e+10	1.54484e+10	1.199e+10	1.32989e+10	1.30507e+10	1.06789e+10	1.22849e+10	1.45525e+10	1.50025e+10	1.63817e+10	9.51115e+09	1.39343e+10	1.51392e+10	1.68564e+10	1.57023e+10	1.45764e+10	1.21648e+10	1.3727e+10	1.46745e+10	1.43208e+10	1.09769e+10	7.77035e+09	7.12036e+09	2.6008e+09	1.09432e+09	3.53649e+09	5.62749e+09	4.21192e+09	5.90123e+07	8.45854e+07	2.52071e+06	6.18917e+09	1.06563e+08	1.01371e+08	1.27908e+08	2.26029e+06	6.22885e+07	1.65803e+08	1.95353e+09	9.91089e+09	9.2648e+09	9.37105e+09	1.15941e+10	1.00139e+10	8.98709e+09	1.04144e+10	2.6181e+09	1.8255e+09
